124 7
125.398 29.0588 -27.9907 -25.3905 27.687 75.4631 -278.677 
36.7119 -66.9061 -64.0451 65.0159 13.1671 -68.1356 -2.31305 
-0.682761 96.0858 15.7502 -21.2316 50.4086 -26.7562 -3.74687 
-18.3175 25.9982 38.2874 -10.9552 -3.66014 23.9092 -2.69747 
3.11698 -22.1198 36.005 -7.18779 -8.25312 -11.1712 -1.85261 
36.7507 40.2933 -37.8235 -67.1879 -14.1465 -17.8419 -2.73839 
21.4796 -31.0757 -34.0313 -11.5687 4.87553 -21.1059 3.69281 
8.83913 37.5633 13.7448 -11.3883 -18.0212 -10.2609 -6.78134 
-1.94891 48.6157 -6.95566 19.804 -11.7066 0.19113 -6.28993 
-14.3123 12.4613 -4.69525 -27.9248 -2.95709 38.3414 5.95543 
-6.16909 -2.83601 -32.4986 1.86968 15.8495 14.2404 6.69631 
3.14739 -11.7733 17.9646 2.07249 -7.21622 -9.68687 -1.62062 
0.404064 -14.2462 -0.206827 0.511522 2.71911 -1.32695 1.51178 
-2.56156 19.1328 -7.0795 -2.01186 1.56814 6.18123 -0.276281 
1.89895 14.0827 -12.5165 3.6664 1.55786 -1.08961 -1.33394 
0.662279 -4.04876 -2.61139 -0.28891 0.465819 -0.101893 0.635024 
0.969757 -27.9913 -4.42494 -4.18418 4.63045 1.66602 3.32608 
0.505294 -2.6013 1.78392 3.51103 0.0576332 -3.11028 -0.213789 
-1.48783 -12.3045 2.18929 -4.78311 1.11744 4.23849 1.67084 
0.727912 -5.88906 5.13069 -2.8812 -0.603588 -1.46457 0.208124 
-1.1471 -10.4147 0.965487 -4.99208 0.706963 4.04514 1.72312 
-0.328476 4.30329 -2.19243 9.18514 0.74549 -3.2736 -0.796561 
1.51218 -1.93251 -7.2344 0.559391 2.57256 -1.14957 0.624985 
-0.641604 12.9712 2.20538 -1.06866 -2.02369 0.942705 -1.40568 
-1.26823 -2.06445 -5.00818 3.61752 2.83024 1.54911 0.711912 
1.56665 6.58324 -2.81834 3.61087 0.315052 -3.73312 -1.06091 
-1.23551 2.09675 -1.6965 1.84138 1.36433 1.3473 0.100136 
0.488787 -0.809736 -1.53553 2.14959 1.07873 -1.66698 0.0115523 
0.606961 -8.43694 0.387882 0.175423 1.27939 -1.31374 0.658079 
1.17426 -8.83031 -4.15084 2.97588 2.3669 -2.48925 1.03314 
-0.990515 -4.61242 4.02516 1.38288 -0.304103 -0.137016 0.274233 
-0.387099 -0.490516 1.05572 -1.35848 -0.346299 1.03086 0.150339 
0.676913 1.00384 -3.39663 1.54502 0.746784 -0.853069 -0.104064 
-0.293309 0.0504981 0.275226 -0.55273 0.351045 0.582924 0.0200866 
-0.576459 -0.800627 3.21468 -0.468815 -0.998031 0.438093 -0.080114 
0.65362 -2.31498 2.0875 -0.0805935 -0.416934 -1.58091 -0.149306 
0.333449 -4.54166 -0.472779 0.339513 0.732714 -0.61119 0.424247 
-0.42064 -0.473314 -0.203425 0.699788 0.776458 0.202162 0.134676 
0.0957742 6.30811 -1.54165 -0.254847 -0.352868 0.476768 -0.625941 
-0.433272 14.345 -0.086009 -0.711518 -1.33463 0.982876 -1.42299 
-0.286253 -10.7744 0.125432 0.315523 1.34663 0.244193 1.24876 
0.0523565 -1.41983 1.14269 -0.282318 -0.125423 -0.257926 0.0254899 
-0.470728 3.12248 0.175193 -0.304674 -0.247281 0.89709 -0.271618 
-0.442073 -3.95021 1.09367 -0.242685 0.12757 0.614487 0.431603 
-0.0172316 5.5527 -1.75332 -0.37318 -0.0992501 0.6415 -0.395782 
-0.217676 0.910747 -0.785779 0.628655 0.217981 0.313119 -0.0537232 
0.384092 -7.26342 -0.0293659 0.293402 0.693042 -0.738514 0.697364 
0.0969216 1.71362 -1.32195 0.471337 0.0444243 0.0199178 -0.108242 
-0.0840179 -0.254592 0.0145929 0.573803 0.0292576 -0.116446 0.00400754 
-0.563546 2.08938 0.789795 0.244973 -0.449607 0.667815 -0.206496 
0.0600608 -5.52317 0.549456 0.220974 0.381619 -0.322053 0.533112 
0.205017 0.372918 -0.959938 0.432307 0.477418 -0.387784 -0.0268749 
-0.087201 -2.86467 -0.849899 -0.134782 0.643725 0.439828 0.411278 
0.0577604 1.80492 0.928424 -0.0645314 -0.467806 -0.374233 -0.2582 
0.195269 -0.501452 0.328257 0.333857 -0.035533 -0.563063 -0.0632429 
0.233001 2.30566 -0.575088 0.280289 -0.0810993 -0.393368 -0.267328 
-0.14763 1.89823 0.821912 -0.118403 -0.521956 0.107486 -0.241494 
0.0283718 2.14946 -1.10449 0.325575 0.169582 0.0313763 -0.130953 
-0.0404449 -0.819901 0.765292 -0.0438988 -0.181234 -0.119526 0.0495782 
-0.1603 -1.34486 -0.98143 0.302169 0.557658 0.397286 0.231626 
-0.129579 2.33411 0.313092 -0.23378 -0.353831 0.232623 -0.23091 
0.0606445 -0.101255 -0.188697 -0.146668 0.0119848 0.0436761 0.0160201 
-0.0313343 -0.489428 -0.325241 -0.157407 0.172667 0.212193 0.0988812 
0.0114546 1.29587 -0.438679 -0.329166 -0.070877 0.257925 -0.0722628 
-0.00412003 -0.899798 -0.347179 0.0246811 0.258015 0.0626516 0.13871 
0.0968798 0.118383 -0.295083 0.0682163 0.120564 -0.143993 -0.0077912 
-0.0199971 -2.17134 0.666372 0.0420484 0.0240011 -0.155052 0.180125 
-3.46533e-005 -2.04153 -0.312285 0.332524 0.357029 -0.0816299 0.236324 
0.0563397 0.103596 -0.0666006 -0.143799 -0.0590058 0.0178627 -0.0146271 
-0.218059 -0.0187215 0.133341 -0.310244 -0.0488273 0.51697 0.0392272 
0.0574127 0.482822 -0.285816 -0.207372 -0.0644387 0.11039 -0.0278187 
-0.134758 0.955942 0.239921 0.271338 -0.0750297 0.000137962 -0.110698 
0.197001 -1.09037 -0.154594 0.480407 0.16868 -0.524098 0.0593873 
0.0982727 -2.17824 0.539883 -0.0522173 0.0368089 -0.276486 0.173047 
-0.0163203 0.705367 0.0420213 -0.0950606 -0.110207 0.0714205 -0.0758367 
0.114004 1.78094 -0.182832 -0.0956155 -0.220162 -0.0927205 -0.18859 
-0.0798417 0.0893854 0.23654 -0.0683308 -0.0723945 0.117859 -0.0215554 
0.0529971 -0.63503 -0.0168555 0.158067 0.114921 -0.184878 0.0578792 
-0.027406 0.217131 0.0334348 0.064889 0.00156 -0.0067796 -0.0235482 
-0.0625913 -2.49328 0.215175 0.0614037 0.226822 0.0455493 0.245535 
-0.176985 1.39098 -0.183099 -0.0196768 -0.0581221 0.367947 -0.109817 
-0.00847132 0.352242 0.00555786 -0.0326322 -0.0277111 0.0128971 -0.026842 
0.103662 -0.820793 -0.398473 0.132749 0.250414 -0.152184 0.0987699 
-0.0245319 0.342226 0.157924 0.245326 -0.0341372 -0.139203 -0.0576202 
0.103442 0.108898 -0.396604 -0.0823647 0.0604287 -0.0229181 0.0108394 
0.00198203 -0.0136631 0.412487 0.0185135 -0.126966 -0.125455 -0.0358951 
0.144189 -1.92887 0.0388691 0.177759 0.196445 -0.343475 0.168566 
-0.0502515 0.928407 0.0216108 -0.173976 -0.149652 0.175183 -0.0810197 
0.0473474 0.0441614 -0.0502653 -0.139841 -0.0485529 0.0212123 -0.00522273 
-0.0188955 -0.310367 0.239687 -0.115919 -0.0130322 0.0136328 0.0227509 
0.0313716 -0.419122 0.0163536 0.136503 0.0382985 -0.123819 0.0319279 
-0.0657722 -0.548507 -0.0652748 0.195183 0.129516 0.0317418 0.0637038 
0.0879579 0.419621 -0.205607 0.0187031 0.0121776 -0.118469 -0.0383465 
0.0180252 -0.694566 -0.268773 -0.170388 0.152078 0.123795 0.108425 
0.0850556 -0.183815 -0.0491133 -0.0972376 0.0174533 -0.0928062 0.019394 
-0.0253908 -0.569758 -0.200654 -0.104444 0.122396 0.152439 0.0910525 
-0.0453951 -1.06232 0.0626247 -0.0947717 0.0965576 0.111382 0.126378 
0.0059748 -0.673644 -0.149867 0.0895567 0.142814 -0.0175964 0.0804472 
-0.0378853 0.44046 -0.0733478 -0.10705 -0.0144615 0.135525 -0.0310427 
-0.113941 0.337382 0.172133 0.0206202 -0.0571844 0.131818 -0.0295005 
-0.0161003 0.736673 0.200153 -0.109213 -0.171823 0.0348139 -0.0898412 
-0.0767688 -0.854177 0.081228 0.0659669 0.102213 0.0814575 0.09163 
0.0421372 0.539137 -0.196414 -0.00588814 0.0141748 -0.0323468 -0.0438902 
0.00741761 -0.378985 0.0783782 -0.0679815 0.0220494 -0.00558587 0.0389626 
-0.0407887 -0.725618 0.0555347 0.040701 0.0501874 0.0537043 0.0736842 
0.00110478 -0.043124 0.0570147 -0.10934 -0.0332987 0.0452136 0.00263105 
0.016151 0.401639 -0.177369 0.020613 -0.00800886 0.0150133 -0.0319668 
0.0109034 -0.0903921 0.298875 -0.0313742 -0.0867175 -0.0840965 -0.0174795 
-0.00908057 0.337654 -0.124866 -0.115077 -0.00980095 0.105584 -0.0157858 
0.0177028 0.0971375 0.00966109 0.0168024 -0.00437832 -0.0436372 -0.0182026 
-0.0470893 0.799343 0.0694002 -0.143172 -0.11194 0.125961 -0.0720595 
0.0262958 -0.454268 0.100524 0.039784 0.0409969 -0.101584 0.0345322 
0.0350463 0.0360143 -0.0303354 0.0621065 -0.0172555 -0.0732799 -0.0132038 
0.0447695 0.193441 -0.158136 0.0827118 0.0272338 -0.0789194 -0.0183898 
0.0158571 0.118868 -0.141891 0.0905357 0.0571571 -0.0437759 -0.00775528 
-0.0175769 -0.272923 -0.0406734 -0.0473067 0.0324954 0.0702014 0.0392221 
-0.055134 -0.227571 0.0026058 0.0582069 0.0370003 0.0697718 0.0295273 
-0.0383311 0.333419 -0.0465481 -0.0836004 -0.00411184 0.112882 -0.0204544 
0.00315128 -0.3879 -0.0550525 0.0433876 0.0511449 -0.000937428 0.0396008 
-0.0257697 0.145676 -0.053694 -0.125218 -0.00672192 0.121632 0.00128492 
-0.00132681 -0.0784375 0.00715911 0.0324518 0.0161203 -0.0203899 0.0082217 
0.0315514 0.0101565 -0.0689254 0.00209251 0.0082961 -0.035398 -0.000197864 
0.00178781 0.0485508 0.00424687 -0.000434792 0.00366246 -0.0102737 -0.00431516 
-0.0136908 0.067263 -0.114127 -0.0181386 0.0345162 0.0612025 0.00673437 
