124 5
0.145406 0.0124508 -0.00248794 -0.0019682 -269.098 
0.0105837 -0.0216905 -0.00261606 0.0194585 -12.8374 
-0.0188463 0.0122115 0.00616628 0.00671851 8.96587 
-0.0103868 0.0101793 -0.00580091 0.00526698 7.16825 
-0.00241329 -0.00431799 0.00166625 0.00249738 4.68107 
-0.00109673 0.00664578 0.000428204 -0.0104108 5.35403 
0.000528463 -0.00979307 0.0102114 -0.00138163 1.41443 
0.00364161 -0.00270313 0.00755374 -0.0121333 2.23568 
0.00149941 0.00430948 -0.0079333 1.50925e-005 0.218243 
-0.00240416 -0.00126523 -0.00120533 0.000997594 5.35367 
-0.000641488 0.0039937 0.00186265 -0.004371 -0.233275 
0.00184719 0.0050686 -0.00391731 -0.0011635 -3.78523 
-0.00212935 -0.00320404 0.00272833 -0.000830056 5.39958 
0.00176317 -0.0017583 0.00472039 -0.00461382 -0.69194 
0.000475055 -0.00534258 0.00186955 0.00441595 -1.6762 
0.000487334 -0.00312195 0.00129294 0.00186016 -0.731709 
-7.46347e-005 -0.00171482 0.00134098 0.000261884 0.33159 
0.00149855 0.00230669 -0.0034623 0.00085599 -2.65759 
8.91735e-005 -0.00193317 -0.000575702 0.00164404 0.549735 
0.000204179 0.00474875 0.0010156 -0.00536427 -0.629382 
0.000270851 -0.00106015 0.00135958 -0.00183585 1.27348 
0.000154671 0.000271314 -0.00223903 0.00278035 -1.29709 
-0.000556707 -0.00212651 0.000479024 0.00323965 -0.628221 
-0.000609297 0.000916107 0.000685913 -0.0014399 1.07568 
0.00135752 -0.00125303 0.00130466 -0.0013002 -0.917532 
-5.37433e-005 -0.00315518 0.00121801 0.00243189 -0.251988 
0.000263376 -0.00234243 0.0030176 -0.000933615 0.151574 
-0.000615809 0.000833154 -0.000662177 0.000126949 0.777909 
-0.000263531 0.000207138 -7.80722e-005 0.000242276 0.0927344 
-0.000169965 0.00101001 0.000309673 -0.000957961 -0.0505667 
-0.000514692 0.0011994 -0.00184189 0.000813866 0.552456 
0.000621644 -0.000283409 0.000804059 -0.00170948 0.172731 
0.000188307 0.000801843 -0.00112832 0.000543011 -0.6758 
-5.51892e-005 -0.000120007 0.00021823 -0.000564498 0.622005 
-0.000181847 0.000116784 0.00022331 -0.000241921 0.24235 
0.000186817 -0.000266438 0.00123682 -0.00150322 0.353462 
0.00056587 -0.000755333 0.00175147 -0.00198481 0.223492 
-0.000483754 0.000938672 -0.000334786 -0.000298647 0.502898 
3.72868e-005 0.000886325 -0.00142323 0.000420463 -0.111645 
-0.000254764 -0.000333179 0.000627585 -0.000264173 0.487683 
-0.000140898 7.81648e-005 -0.000412994 0.000718267 -0.210542 
-0.00010408 -0.000558873 0.00125982 -0.000911611 0.563171 
0.000471284 -0.000948281 0.00012924 0.000561657 -0.551438 
8.03024e-005 0.00043877 -0.000259503 -0.000112007 -0.232842 
0.000115189 -0.000546757 0.00123669 -0.00115211 0.441859 
-4.69545e-005 0.00102591 -0.000734784 -5.85949e-005 -0.243357 
0.000169336 0.000510326 -0.0012015 0.000873019 -0.628199 
-0.000244155 -0.000389582 -0.000208873 0.00114682 -0.16691 
0.00043229 1.58951e-005 0.000180387 -0.000591528 -0.329825 
1.20904e-005 -4.3615e-005 -0.000241537 0.000407806 -0.180119 
-0.000397581 0.000516315 -9.45965e-005 -0.000297993 0.566232 
0.000120891 -3.62506e-006 0.000256676 -0.000434789 0.0204648 
-0.000180743 0.000304259 -0.00057275 0.000473051 0.0409107 
0.000129693 0.000100075 -0.000729997 0.000673085 -0.368466 
1.63038e-005 0.000463692 -0.000348882 -0.000158582 -0.0215412 
8.06685e-005 0.000118672 -0.000212152 0.000179035 -0.256614 
-7.87849e-005 0.000705475 -0.000705817 6.48041e-006 0.0462823 
-0.000499957 0.000395723 0.000250252 -0.0003884 0.655936 
-8.2017e-005 0.000127316 -0.00025172 0.000202509 0.0296398 
-0.000262778 6.37464e-005 5.96876e-005 0.000308178 0.0193657 
-0.000244143 -3.65519e-005 -5.52627e-005 0.000144335 0.372684 
0.000175409 -7.48129e-005 -0.000146161 5.32702e-005 -0.158601 
-0.000167717 -9.77125e-005 5.12614e-005 -6.74962e-005 0.426289 
0.000144574 -0.000182283 0.000256312 -9.64367e-005 -0.201778 
-0.000296479 8.06767e-005 0.000335848 -0.000350077 0.497177 
8.48566e-005 -0.000257346 0.000347464 -7.8043e-005 -0.117421 
0.000197126 0.000108289 0.000110233 -0.000390758 -0.160499 
-0.000239562 -0.000103156 0.000157964 0.00016567 0.216302 
-0.000338962 0.000225822 0.000449359 -0.000642228 0.630531 
0.000195005 4.48557e-005 -0.000311592 0.000235091 -0.352581 
-0.000225201 -1.02571e-005 -0.000361145 0.000691327 0.024993 
5.46347e-005 6.96155e-005 -0.000397781 0.000540809 -0.36811 
-0.000253657 0.000242932 -5.4637e-005 -5.0877e-006 0.25598 
-8.13853e-005 -9.52147e-005 6.98481e-005 -9.49409e-005 0.279762 
9.56683e-005 5.0746e-005 -0.000364515 0.000301973 -0.201211 
-8.45877e-005 -0.000130696 0.000167258 -7.43169e-006 0.140171 
9.23304e-005 6.90153e-005 -0.000228227 0.000243835 -0.281157 
7.64886e-005 -0.000330469 0.000144812 7.49486e-005 -0.00173021 
-6.44742e-005 9.16092e-005 -0.000345695 0.000432352 -0.113441 
6.49044e-005 -0.000172673 -7.55938e-005 0.0003647 -0.249556 
0.000115743 1.80014e-005 -0.000349563 0.000350247 -0.267524 
3.55644e-005 0.00016347 -0.000265907 0.000168966 -0.166184 
0.000201841 -0.000137113 -0.000116293 0.000144446 -0.263287 
0.000126145 4.15767e-005 -2.07439e-005 -0.000111915 -0.131599 
-7.29216e-005 -3.92432e-005 0.000127283 -0.000156245 0.217636 
0.000179177 -3.62341e-005 7.5719e-006 1.78456e-007 -0.289812 
-5.50996e-005 0.000119689 0.000273283 -0.000467248 0.210289 
-8.99454e-005 0.000214363 -6.19738e-005 -9.21124e-005 0.090646 
1.52621e-005 0.000203702 -6.74742e-005 -0.000190657 0.0205767 
-4.13237e-005 5.58589e-005 -0.000185807 0.000212952 -0.0344018 
-2.94035e-005 0.000130634 -3.57907e-005 -6.68418e-005 0.0190225 
-6.87828e-005 0.000131 -2.43089e-005 -0.000101726 0.115335 
0.000119347 -0.000177514 5.37788e-005 -6.39194e-005 -0.0127135 
-2.06313e-005 -0.000100593 0.00024691 -0.000155565 0.0769579 
-2.70817e-005 9.51319e-005 -0.000320365 0.000357177 -0.129812 
-6.39662e-006 -0.000243912 0.000413261 -0.000296796 0.193728 
-9.31362e-005 0.000107461 -0.000150376 9.63985e-005 0.0931523 
5.19688e-005 -7.57816e-007 -0.000163212 0.000207787 -0.15515 
-9.62899e-005 2.58163e-005 0.000139492 -0.000157071 0.179274 
9.41825e-006 -0.000188856 0.000105728 5.07058e-005 0.0279341 
3.60743e-005 -0.000121892 3.70618e-005 3.72855e-005 -0.0100966 
-1.3057e-005 -0.000128744 0.000309355 -0.000251052 0.133301 
-0.000105054 0.000140151 0.000133246 -0.000391385 0.329265 
3.82822e-005 -0.00016048 8.90642e-005 7.69372e-006 0.00979277 
1.64297e-005 0.000166724 -3.70388e-005 -0.000155592 -0.00670833 
0.000168925 -6.10683e-005 6.7201e-005 -0.000153672 -0.141143 
-1.15284e-005 -2.91878e-006 4.0708e-005 -3.32255e-005 0.0203732 
-9.29757e-005 2.96441e-005 5.42617e-005 -6.79641e-005 0.155594 
-5.97069e-005 -4.25428e-005 5.90914e-005 2.11226e-005 0.0732361 
7.069e-006 0.000250019 -0.000170359 -2.54764e-005 -0.0902164 
2.09784e-005 0.000162554 -4.5501e-005 -0.000134507 -0.0241867 
-6.67547e-006 1.10212e-005 -0.000132824 0.000149652 -0.0332631 
-3.54086e-005 -6.6607e-005 0.000139008 -0.000117522 0.127204 
-5.45242e-005 6.07385e-005 -9.51445e-005 9.01261e-005 0.0281355 
6.64035e-005 -2.04752e-005 4.3238e-005 -3.93875e-005 -0.0949184 
-2.60969e-005 -9.49282e-005 0.000337457 -0.000346407 0.196665 
3.05507e-005 6.58203e-007 -0.00010926 0.000112183 -0.0718669 
8.97332e-006 5.46534e-006 -9.28111e-005 0.000113027 -0.0560501 
-9.52849e-005 4.84512e-006 -4.75653e-005 6.06255e-005 0.145503 
1.1755e-005 2.0285e-005 -0.000177314 0.00025 -0.139164 
3.80888e-005 3.12336e-005 1.38324e-005 -3.25084e-005 -0.0796618 
5.14106e-005 3.06658e-005 -8.03513e-005 4.93163e-005 -0.100427 
-5.95756e-007 0.00012938 -0.000204335 0.00011881 -0.0690151 
-5.11027e-005 9.67079e-006 0.000152404 -0.000178002 0.126926 
