124 6
0.126675 0.915831 0.223179 -0.021056 -0.397904 -215.711 
0.00915004 -0.476341 0.0651109 -0.386715 0.925542 -10.3494 
0.0176904 -0.192691 -0.329603 -0.233005 -0.424275 -21.0979 
0.0120985 -0.80303 -0.168199 0.239261 -0.249991 -13.5879 
-0.00151208 0.134296 -0.118674 0.0499602 0.21814 1.645 
0.00774422 -0.50664 0.140373 -0.145443 0.0271086 -8.66429 
-0.00210462 0.119459 0.0753499 -0.0356934 -0.0927258 2.51415 
-0.000121209 -0.00198097 -0.125894 0.137918 0.295974 -0.721559 
0.00300373 0.0866299 -0.189164 0.0626589 0.0721636 -4.64559 
0.00268521 -0.110838 -0.0625638 0.0734431 -0.0326692 -3.48594 
0.00258138 -0.0884386 0.0753534 -0.0820711 -0.134694 -3.125 
-0.000362252 -0.0159398 -0.102764 0.0627019 0.231013 0.457663 
0.000204446 -0.0037603 0.0125098 -0.0104375 0.116084 -0.631584 
0.00117515 -0.105437 -0.0202287 0.059637 -0.125766 -1.18898 
0.00033011 0.012457 -0.101507 0.0988664 0.0875193 -0.896296 
-0.000909032 0.124994 -0.120566 0.0917608 0.0683782 0.551246 
-0.0020563 0.192862 0.0671025 -0.103677 0.00235516 2.22124 
-0.000200946 0.00608682 0.0451231 -0.0536435 0.118725 0.0672814 
-0.000475145 0.0249491 -0.00983516 0.00964905 -0.0283787 0.684436 
0.000374308 -0.0642954 0.0697807 -0.0715486 0.0760488 -0.246983 
-0.00111152 0.102665 -0.0698179 0.0383346 0.116371 1.0194 
0.000152948 -0.0141678 0.0179748 -8.04268e-006 -0.116079 -0.00675124 
0.000795383 -0.0449082 -0.0149266 0.0144509 0.0346027 -1.02769 
0.000880577 -0.0610965 -0.0118787 -0.00262716 0.130917 -1.15913 
-0.000217708 0.015668 -0.0364976 0.0253244 0.0541099 0.174082 
0.000848872 -0.0481984 -0.0319333 0.0361929 0.0608621 -1.22616 
0.00062434 -0.0256317 -0.0167368 0.0190802 0.056877 -1.00298 
0.000910355 -0.108207 0.0185211 -0.00489147 0.0587364 -0.915613 
-0.000546531 0.0698724 -0.0426263 0.0387324 -0.030088 0.465325 
-0.000647324 0.0684485 -0.0154115 0.00369183 0.0112109 0.616748 
-0.000596127 0.0355591 0.0736186 -0.0771588 -0.0312201 0.828876 
0.000500753 -0.0302864 -0.00653767 0.00773782 0.00736646 -0.607567 
0.000474027 -0.0294176 -0.000983441 0.00375726 -0.028621 -0.497088 
0.000354338 -0.00562311 0.0159236 -0.00950278 -0.0349978 -0.504395 
-0.000251119 0.0202166 -0.00369009 -0.00202412 0.0413236 0.205972 
8.82258e-005 0.00331395 -0.017182 0.0136978 -0.00909117 -0.116744 
-0.00013114 0.0379977 -0.00197348 -0.00495779 -0.00172207 -0.0215051 
0.000306327 0.00461577 0.0127578 -0.0139098 0.00337476 -0.54611 
0.000748816 -0.0451442 -0.00977314 0.0188061 -0.0184007 -0.913339 
-3.65383e-005 0.0134023 -0.0110952 0.00953362 -0.0357994 0.0572171 
-0.000635058 0.0612029 -0.0333578 0.0251613 0.00415241 0.620985 
-0.000189516 0.0272702 0.0122043 -0.0117731 -0.0329244 0.168448 
5.58252e-005 -0.00460174 0.0117764 -0.0114276 -0.00116849 -0.036551 
-0.00032195 0.00868019 0.00828628 -0.00810443 0.0172663 0.413759 
-7.05048e-005 -0.00203891 -0.00206257 0.00683964 0.00261629 0.0816514 
0.000313601 -0.022898 -0.00593914 0.00746281 0.0156824 -0.398284 
0.000295079 -0.0243092 -0.00326541 0.00606982 0.0134247 -0.355733 
0.000117452 -0.0178974 0.00577439 -0.000609003 -0.0168556 -0.0522437 
-9.97816e-005 0.0241423 -0.01646 0.00997777 -0.00638101 0.0545195 
4.01605e-005 -0.0103552 0.00130815 8.67362e-005 -0.00340866 0.0158527 
0.000222407 -0.00858652 0.0111277 -0.00956029 -0.0118643 -0.277215 
-0.000151068 0.0146701 0.00332251 -0.00385098 -0.0144407 0.179406 
-0.000125024 0.0146899 0.00451632 -0.00479864 -0.020763 0.142326 
2.83552e-005 -0.000695189 -0.0259181 0.021943 0.0268181 -0.0751756 
-0.00017514 0.011181 -0.00433015 0.00395399 -0.0147027 0.244053 
0.000303584 -0.026146 -0.00658613 0.00947212 0.00625049 -0.3508 
-6.72649e-005 -0.00413108 -0.00500788 0.00532062 0.0129089 0.104072 
7.69659e-005 -0.011629 -0.00332213 0.00649541 -0.0054086 -0.054861 
1.29242e-005 -0.0082011 -0.00263394 0.00252346 0.00932368 0.0296586 
-0.000371997 0.0241067 0.00206438 -0.00317073 0.000914354 0.427603 
-0.000285457 0.0191033 -0.0140239 0.0118283 0.00554178 0.318745 
-0.0001224 0.00667828 -0.00368057 0.00327753 0.0102328 0.126395 
-0.000224795 0.00767971 -0.000829412 0.00224314 -0.0125602 0.317508 
-6.04155e-005 0.000281802 -0.00473756 0.00402876 0.0121316 0.0785727 
-9.86358e-005 0.0135056 0.00137933 -0.00273142 -0.0139407 0.106787 
-0.000229647 0.0206426 -0.00404976 0.000247714 0.0193268 0.198951 
-4.46687e-005 0.0111174 0.00560079 -0.00887992 0.00716274 -3.50995e-005 
-0.00038288 0.0213092 0.0015004 -0.00281454 -0.000467496 0.477293 
-5.50755e-005 0.00130352 -0.00681431 0.00337907 0.0237144 0.0470255 
6.00813e-005 4.76241e-005 -0.0035409 0.00296084 0.00159653 -0.0951144 
-9.02962e-006 -0.00556877 0.00293916 -0.00436825 -0.000974968 0.0716147 
-0.000106437 0.0152501 0.00622404 -0.00781884 -0.00848612 0.0929282 
0.00011343 -0.00736092 0.00657886 -0.00446482 -0.0113807 -0.110774 
-8.00217e-005 0.0150239 -0.00507476 0.00304857 0.0001219 0.0299172 
0.000188062 -0.0140211 0.00137884 0.00092863 0.000644267 -0.227122 
-0.000209239 0.0150097 -0.00525098 0.00317285 -0.00408868 0.251946 
-0.000250078 0.0167114 0.00635069 -0.00859474 0.00393557 0.297842 
9.93392e-005 -0.0136281 0.000978439 0.000637133 0.00712852 -0.0847736 
-3.3343e-005 -0.000372481 0.0103412 -0.00914624 -0.0129798 0.0804871 
-0.000182824 0.00486135 0.00470445 -0.00679692 0.00955696 0.263817 
5.94981e-005 -0.00575208 0.00244451 -0.00151762 -0.00832401 -0.0343974 
0.000132284 -0.013694 0.00757066 -0.00606308 0.00401926 -0.131616 
-9.80053e-005 0.00876814 0.00536361 -0.00498639 -0.00790396 0.11006 
3.81009e-005 -0.00183123 0.00555245 -0.00460366 -0.00719347 -0.0397026 
-4.81403e-005 -0.000413271 -0.00139001 -0.000335623 0.0103735 0.0721349 
5.55198e-005 -0.00115315 0.00137082 -0.00143358 -0.00100763 -0.0823462 
3.92358e-005 -2.12182e-005 0.000652356 -0.00131831 0.0057957 -0.0702983 
0.000141036 -0.00952764 0.0041828 -0.0017298 -0.00780911 -0.15904 
-0.0001925 0.0119224 -0.00767795 0.00584747 0.00904008 0.213765 
9.4847e-005 -0.00690184 -0.00501336 0.00339311 0.0143691 -0.121886 
4.26604e-005 0.0027966 -0.00108393 -0.000188513 0.00489241 -0.0965621 
-2.42656e-006 -0.000209097 -0.00970853 0.0100548 0.0057564 -0.0204252 
-9.44015e-005 0.0118065 -0.00269025 0.000880098 -0.000262936 0.0781068 
-5.25436e-005 0.0067714 0.00255145 -0.00334304 -0.00401264 0.0561445 
-3.41658e-005 -0.00271708 0.0104184 -0.00940942 -0.00209475 0.0749624 
-4.11988e-005 -0.000483674 -1.49634e-005 0.000883688 0.000809726 0.0605721 
9.35438e-005 -0.00337908 -0.0111375 0.0111741 0.00371987 -0.143066 
7.90284e-005 -0.00326279 -0.000851579 0.000746501 -0.00169515 -0.0960881 
-4.10736e-005 0.000509877 0.00049482 -0.00182336 0.0138213 0.0412995 
4.05645e-005 -0.00172245 -0.00292945 0.0017896 0.00783526 -0.0617939 
0.000106362 -0.00725581 0.001057 0.000170165 0.00307827 -0.135986 
1.14323e-005 -0.000352808 -0.00277956 0.00216186 0.00250406 -0.0186353 
-4.90367e-006 -0.000574014 -0.00385353 0.00289333 0.00691306 0.00525558 
4.86073e-005 -0.00425607 0.00209166 -0.00058371 -0.00773314 -0.0378812 
1.56885e-005 -0.00323847 0.00271425 -0.00207848 -0.00264032 -0.00131398 
4.51351e-005 -0.00371554 -0.00218615 0.00311273 0.000639736 -0.0545385 
1.71276e-005 0.000146869 -0.00120974 0.000905889 -0.00503417 -0.0119356 
5.17244e-005 -0.00680941 0.00059802 -0.000228809 0.00689524 -0.0534514 
-8.03918e-005 0.00628305 -0.00061934 -1.65264e-006 0.00364381 0.08235 
-4.78245e-005 0.00545349 -0.00446435 0.00258541 0.00720484 0.0338927 
4.98866e-006 5.62821e-005 -0.00114995 0.000633966 0.000827188 -0.00876881 
-2.79678e-005 0.00169644 0.00735629 -0.00576757 -0.00898561 0.0446857 
8.04728e-005 -0.00648974 -0.000321962 0.0013634 -0.000292492 -0.0911794 
-2.34202e-005 0.0027543 -0.0100798 0.00810863 0.00688637 0.0168775 
4.83475e-005 -0.000911176 -0.00230178 0.00205774 0.00325164 -0.0814855 
7.07415e-005 -0.00649756 -0.0034077 0.00468652 -0.00203774 -0.0713141 
-4.73883e-005 0.00428362 0.000894719 -0.000737616 -0.00849629 0.0650251 
-4.29925e-005 0.00215976 -0.00119444 0.00203236 -0.00435713 0.05739 
4.59989e-005 -0.00217954 0.00255526 -0.00317589 0.00276877 -0.058196 
-3.82583e-005 0.00069741 0.00295262 -0.00369348 0.00614587 0.0483936 
7.84725e-005 -0.0046708 0.000677402 0.000248138 -0.000278707 -0.100691 
4.18179e-005 -0.000529546 -0.00157555 0.000986801 0.00421461 -0.0713494 
2.59759e-005 0.000374957 -0.0038486 0.00394671 -0.000916582 -0.0443229 
8.11116e-005 -0.00553374 -0.000744626 0.000881191 0.00292245 -0.0996063 
