124 5
4.00345 151.002 -28.8972 11.8804 -257.862 
-7.02808 26.3006 37.2142 -58.2456 -3.44626 
-9.13547 20.302 -25.2589 21.0013 4.04997 
0.194649 10.8247 -19.9294 -29.6785 2.20134 
-0.626872 6.67896 -9.04619 -14.6101 1.49589 
-1.36247 26.0881 -4.61759 -81.7248 0.466722 
0.880539 -2.15331 -12.06 12.2925 -0.805149 
0.664561 -1.14603 18.6086 -8.64875 -4.17679 
-2.19307 -1.4913 15.235 11.1208 0.517156 
-0.872021 -1.13402 21.1352 4.23786 -4.63522 
-1.36337 -1.47995 27.6513 4.11239 -4.53803 
-0.435933 0.334017 7.46999 -4.47885 0.318751 
0.428927 2.29942 -11.1185 -4.14122 0.602658 
-0.295081 -0.563101 8.55554 -1.64452 -0.467197 
1.68391 0.487622 -30.5034 4.3349 2.24188 
0.841861 -1.02471 -14.3531 4.94196 1.64124 
0.190389 0.907107 -6.00408 -0.459485 0.256159 
-0.365536 0.879674 4.54129 -2.5702 -0.585892 
-0.268788 -2.8248 8.17528 6.55577 -0.315684 
-0.268025 1.33937 3.14587 -4.60867 -0.291062 
0.334818 -0.0474366 -7.32313 1.91939 0.695132 
0.159654 -0.768447 -3.50548 3.31279 0.504918 
0.163658 -0.710837 -0.832534 1.75665 0.0539208 
0.0350396 -0.650974 -1.81547 3.72196 -0.0114832 
0.157928 0.433842 -3.78663 -0.285761 0.232929 
0.165673 0.454515 -3.34551 -0.727379 0.19095 
-0.00457669 -0.401705 0.901271 1.39221 -0.287344 
-0.317609 0.652759 5.67411 -3.10005 -0.608021 
-0.0141893 0.514446 -0.936494 -1.10302 0.0607706 
0.174755 -0.599486 -2.40303 2.09473 0.281607 
-0.00425891 -0.00789702 0.451709 -0.272492 -0.0260662 
-0.314485 0.0841386 7.11186 -2.15739 -0.65536 
-0.212534 0.234049 4.28104 -1.7009 -0.427014 
0.0254777 -0.120438 -0.186995 0.503486 -0.0544635 
-0.0151701 0.114471 0.252516 -0.45869 -0.0228636 
0.0159841 0.158076 0.298482 -0.697318 -0.131206 
0.111076 -0.00641902 -2.11836 0.471462 0.168506 
-0.026 0.207523 0.118117 -0.514142 -0.0554169 
0.0769441 0.00502128 -1.53413 0.418909 0.0868388 
-0.0471174 0.131833 0.876293 -0.72652 -0.0419624 
-0.0530023 0.0465336 0.853572 -0.325443 -0.0478415 
-0.0202306 -0.289623 0.809001 0.575542 -0.00907894 
-0.1428 0.115741 2.81763 -1.0219 -0.248571 
-0.00255522 0.184493 -0.243128 -0.606178 0.066879 
0.0403248 -0.00164611 -0.833329 0.198986 0.0749397 
0.0110074 -0.0634015 0.0211672 0.108209 0.00308122 
0.0540968 0.0166299 -1.05082 0.122882 0.104699 
-0.0384573 0.198407 0.453542 -0.709521 -0.033747 
-0.0200243 0.0634772 0.33984 -0.193852 -0.0691632 
0.0607536 -0.147044 -0.873704 0.514789 0.103607 
0.047163 -0.0133018 -1.01895 0.335325 0.0787624 
-0.0712524 0.0576387 1.44123 -0.527931 -0.129342 
-0.00298035 -0.0468254 0.0329609 0.292508 -0.0535074 
0.0184199 -0.0211971 -0.39309 0.143744 0.0483443 
0.026337 0.028633 -0.575261 0.0431338 0.0503631 
-0.0355709 0.0502619 0.558601 -0.259804 -0.039825 
0.0230135 -0.0609718 -0.295683 0.21911 0.0234672 
0.0212422 -0.00678911 -0.51172 0.15947 0.052886 
0.0310543 0.0215341 -0.627425 0.115676 0.0301006 
0.0394515 -0.0446016 -0.478195 0.122739 0.0441256 
-0.00188884 0.0660743 -0.1739 -0.167564 0.0382142 
0.0204786 -0.0835139 -0.278555 0.344498 0.0094522 
-0.0643487 0.0534952 1.17083 -0.434455 -0.0891922 
-0.0264331 0.0742238 0.363136 -0.346626 -0.00311222 
-0.0010224 0.00139685 -0.0572889 0.030276 0.0117289 
-0.0257305 0.0539239 0.564872 -0.364631 -0.0429425 
-0.0145016 0.110411 0.185529 -0.379913 -0.0267931 
-0.0267671 0.0387151 0.540073 -0.227786 -0.0632464 
0.0217026 -0.0576587 -0.528626 0.397304 0.0355544 
0.0173257 0.0728018 -0.415676 -0.151842 0.0374608 
0.00554581 0.047249 -0.0855092 -0.180168 0.0121708 
-0.0624902 0.0505375 1.06031 -0.321363 -0.0968002 
-0.00299411 -0.108076 0.228019 0.246117 -0.00589818 
0.00557663 0.023705 -0.171438 -0.0407293 0.0218212 
0.0599985 -0.0293744 -1.06855 0.291469 0.0888118 
0.00299156 -0.0336135 0.0432156 0.0608157 -0.000365039 
-0.00541542 0.0611572 0.0278651 -0.192742 -0.00527263 
-0.0310277 -0.0162101 0.463482 0.0134129 -0.0326409 
-0.00290042 0.00125445 -0.0306804 0.0347849 0.00630079 
-0.00943152 -0.00990532 0.134543 0.0195614 -0.00573798 
0.00120751 0.0281773 -0.0505644 -0.0781788 0.00194786 
-0.00373167 -0.051562 0.0200233 0.213545 -0.00129869 
-0.0150362 -0.00760952 0.252618 -0.0223608 -0.0134602 
-0.00674014 0.0242355 -0.150006 0.0488783 0.0241203 
-0.00778772 0.0108106 0.12892 -0.081405 -0.000317973 
0.000402601 0.0158201 -0.0500808 -0.0264916 0.00306579 
-0.0142776 -0.0368203 0.326916 0.051368 -0.0296288 
0.0200743 -0.0581882 -0.326129 0.264475 0.0234175 
0.000869851 -0.0151217 0.0602451 0.0176383 -0.00948675 
-0.00669207 0.0393245 0.00171273 -0.0771447 -0.00386508 
0.0212316 -0.0209542 -0.247513 0.0507838 0.0211303 
0.0129759 -0.017228 -0.17978 0.0819135 0.0097571 
-0.00841357 -0.0326126 0.0969234 0.123902 -0.00293426 
0.00982238 2.19791e-005 -0.161391 0.0333063 0.00799744 
0.0134406 0.0125087 -0.194593 -0.0415168 0.0177968 
0.00101102 0.0350767 -0.0253475 -0.121034 0.00106174 
0.0146629 -0.0341019 -0.243501 0.152499 0.0235404 
-0.00568138 -0.00420546 0.0882897 0.00493274 -0.00616325 
-0.0139142 0.0131337 0.215822 -0.07544 -0.0144097 
-0.0068087 0.0268372 0.0792993 -0.0913836 -0.00730297 
0.0075677 0.0468393 -0.24429 -0.0767023 0.0201065 
-0.00368267 -0.0047532 0.0848978 -0.00693782 -0.00747051 
-0.0132046 0.0255577 0.194309 -0.10777 -0.016133 
0.00390496 -0.00788278 -0.125392 0.0746284 0.0126698 
0.00382089 0.0144443 -0.0544062 -0.0531167 0.00475931 
0.00695741 -0.0272761 -0.0521026 0.0837646 0.000372599 
-0.0126669 0.0121073 0.181303 -0.0669472 -0.00856641 
-0.00681601 -0.0102342 0.107514 0.02434 -0.00774978 
-0.00860046 -0.00473624 0.124846 0.0110671 -0.00902217 
-0.0135308 0.0363653 0.191604 -0.14968 -0.0130412 
-0.000718917 -0.0106125 0.0731525 -0.00358936 -0.00658751 
-0.00258707 -0.0355435 0.0800381 0.102223 -0.00725162 
0.000227118 0.024441 -0.0365704 -0.0669708 0.00201147 
0.010668 -0.0052759 -0.210719 0.0624654 0.0195618 
-0.00566997 0.0185701 -0.0123206 -0.0132486 0.00269276 
0.0033268 -0.00223237 -0.0123506 -0.00948535 3.36202e-005 
0.0167826 0.0162265 -0.232168 -0.0539739 0.0184773 
0.00254381 -0.0295626 0.0239906 0.0718611 -0.00279874 
0.00145468 -0.0208346 0.0252374 0.0528173 -0.00434667 
0.00308396 0.0122334 -0.0513813 -0.0401056 0.00454287 
-0.00623431 -0.0157586 0.137882 0.0245255 -0.0129962 
0.00152598 0.00956002 -0.0771173 0.000830697 0.007184 
0.00342288 -0.000197458 -0.0301981 -0.00762083 0.00104764 
-0.00200899 0.00290534 0.0259204 -0.0100449 -0.00252344 
