124 5
0.138162 -0.00066528 0.00783504 -0.000678833 -231.403 
0.0157142 0.0029755 0.00171983 -0.00966969 -18.8852 
0.0150983 -0.00812394 -0.00460903 -0.010825 -2.00624 
-0.00288379 -0.00563443 0.0052786 0.00502226 1.59745 
0.00173631 -0.00149345 -0.00197512 -0.000584523 0.726977 
0.00399926 0.00369206 -0.0018861 -0.00368137 -4.5726 
0.000373771 0.00461894 -0.00726935 0.00202782 -1.47208 
-0.000918904 0.00269916 0.00163132 0.001665 -3.91055 
-0.00068292 -0.00343768 -0.00236196 -0.00166629 7.65881 
0.00287726 0.000473882 -0.000219307 1.40185e-005 -4.79652 
-0.00033206 -0.00160978 -0.000834249 0.0033667 -0.664775 
-0.00148538 0.00646751 -0.000930698 -0.00628334 3.44386 
0.00134684 0.00335642 -0.0002624 -0.00331075 -1.87736 
0.00188993 0.00348726 0.00167857 -0.00527952 -1.98637 
0.000452423 -0.000132294 -0.00420064 0.00452469 -2.14924 
0.000775844 -0.00386539 0.00123208 0.0019959 -0.540431 
-0.000570286 0.000747534 -0.000353332 -0.00100073 1.47735 
0.000693906 0.00465714 -0.00115921 -0.00317892 -1.26561 
0.000111219 -0.000435717 0.00102461 -0.000371546 -0.113275 
-0.000568549 0.00393567 -0.00267583 -0.00100486 0.325244 
0.000695355 0.00251315 -0.00453151 0.00218173 -2.36221 
0.000362764 -0.00185949 0.00114084 -0.000863429 1.1441 
-0.000559891 0.00265326 -0.00288613 0.00067646 -0.0964228 
0.000382529 -0.000203183 -0.000163346 -0.00019794 -0.0350988 
-0.000191032 1.97948e-005 0.000277958 -0.000162667 0.240327 
-0.000491027 0.00131258 -0.00174299 0.00148474 -0.570051 
0.0001734 0.00148951 0.000144768 -0.00122793 -0.472536 
0.000617902 0.00236988 -0.00142284 -0.00111141 -1.05507 
0.000200769 -0.00137224 0.00127116 9.08957e-005 -0.0760121 
0.000133453 0.000805341 -0.000197868 0.000126141 -0.93497 
0.000585523 -0.0011236 0.00180123 -0.00137236 0.173327 
0.000113156 -0.00224638 0.00114289 0.000407045 0.640717 
0.00048243 -0.000453426 0.000140309 0.000205202 -0.672248 
0.000154615 -0.00035359 0.00119556 -0.000770729 -0.0221413 
3.36291e-005 0.000577364 -0.000468314 -0.000349133 0.108564 
0.000467263 -0.00103797 0.000528825 0.000315707 -0.534356 
0.000171215 0.000161732 -5.81914e-005 -0.000113813 -0.266101 
0.000549385 -5.41136e-005 -0.000520091 4.93099e-005 -0.537137 
0.000150362 -0.000122316 0.00022819 3.49533e-005 -0.330349 
0.00012459 -0.00081693 0.000485961 0.000117719 0.0603297 
2.72622e-005 0.000333549 0.000174271 -0.000727969 0.266273 
0.000521532 0.000214867 -0.000301824 6.34414e-006 -0.829638 
0.000149611 0.000115521 -0.000479596 0.000262252 -0.276938 
-0.000214348 0.000585636 -0.000887978 0.000571177 -0.137164 
-5.4199e-005 0.00042714 0.000249341 -0.000198088 -0.294427 
4.81054e-005 -0.000282122 0.000904074 -0.000353787 -0.117405 
0.000131337 -0.000952276 0.000654234 0.000356189 -0.180706 
-0.000194535 0.00027209 -6.99501e-005 -0.000200813 0.322358 
0.000187285 0.000297318 -7.48317e-005 -0.000325303 -0.195207 
-2.21503e-005 0.000728912 -0.000342643 -0.000513321 0.140554 
1.79385e-006 -0.000372984 0.000293595 -5.26513e-005 0.19633 
0.00025721 -0.000227401 0.000416315 -0.000193582 -0.319492 
-0.000467117 -0.000807167 0.000637959 0.000414392 0.618001 
-0.000148624 -0.000435095 0.00019116 -1.80895e-006 0.508849 
-3.81157e-006 0.000413416 -0.000535903 3.8451e-005 -0.0115466 
7.46704e-006 -0.000283713 -4.54459e-005 0.000222932 0.0591179 
-3.92797e-005 -0.000294549 5.94074e-005 0.000222224 0.0698515 
-2.89892e-005 -0.000215004 -3.2125e-006 0.000213275 0.0338112 
0.000110847 0.000245913 -0.000356209 -8.5622e-005 -0.0499376 
-0.000198349 0.000479557 -0.000435073 7.1955e-005 0.126507 
1.65763e-005 0.000136122 -0.000126437 -1.3767e-005 -0.0472509 
2.71486e-005 7.87288e-005 -0.000390736 0.000150908 0.0233906 
-0.000253566 8.17414e-005 1.88465e-005 6.1474e-005 0.262365 
-8.93802e-005 0.000266313 -0.000200504 -5.45943e-005 0.10229 
-3.46589e-005 -0.000598543 0.000421077 0.000200962 0.0907611 
6.74616e-005 0.000180159 -0.00041254 0.000217745 -0.195024 
-1.63127e-005 0.000266106 -0.000297807 6.5786e-005 -0.0611828 
6.81738e-005 -0.000126123 0.000235972 -1.37013e-005 -0.151547 
-9.9613e-005 -5.71968e-005 2.1682e-005 -7.26147e-005 0.27292 
-0.000209314 -0.000462541 0.000440508 1.53233e-005 0.428043 
4.64073e-005 -0.000110388 0.000165561 -0.000124114 0.0326712 
0.000123232 2.20208e-005 3.17768e-005 -0.000145454 -0.0979624 
8.62443e-005 3.56945e-005 0.000102772 -3.35275e-005 -0.216492 
5.59717e-005 0.000276484 -0.000172468 -0.000135198 -0.0793654 
8.39921e-005 -7.89654e-006 -0.000186976 0.000110176 -0.108798 
-0.000137026 -7.71254e-005 -1.53061e-006 -2.19466e-006 0.300123 
-0.000121139 0.000224046 -0.000219066 4.44182e-005 0.102158 
3.19794e-005 0.000164605 -4.64584e-005 -9.01953e-005 -0.0811031 
1.58704e-005 2.56876e-006 -3.7349e-005 1.93491e-005 -0.0198065 
-6.65983e-005 0.00024304 -0.000184572 -1.2642e-005 0.0319436 
0.000161726 7.7641e-006 3.31663e-006 -6.80844e-005 -0.201196 
0.00014837 -0.000104282 0.000110374 -0.000131719 -0.0880427 
-3.17205e-005 0.000392692 -0.000197689 -0.000125463 -0.0377505 
0.000102388 -1.767e-005 0.000107797 -7.65013e-005 -0.15355 
4.70355e-006 -0.00014703 4.07718e-005 7.38908e-005 0.023538 
-1.07984e-005 0.000123618 -0.000261684 0.000125131 -0.0330136 
-6.68031e-005 0.000174651 -0.000164586 7.01389e-005 -0.00460322 
7.96665e-005 0.000150175 4.37375e-005 -0.000237916 -0.057757 
-2.60603e-005 -8.29893e-005 -2.28513e-005 6.08468e-005 0.0739261 
-1.99237e-005 4.2803e-005 -4.35668e-005 1.63967e-005 0.00848483 
-4.23179e-005 7.95215e-006 -4.2935e-005 4.50446e-005 0.0458646 
-0.000281169 -9.61316e-005 -6.70149e-005 0.000247283 0.342094 
9.61998e-005 0.000299013 -0.000108225 -0.000215701 -0.131493 
-8.11372e-005 -0.000164101 0.000164553 3.79766e-005 0.12395 
-1.22222e-005 0.000351083 -0.000308798 -6.12738e-007 -0.0772669 
-1.24175e-005 1.68888e-005 5.98244e-005 -4.57659e-005 0.00753558 
-0.000185441 -0.000149012 0.000187981 -8.77622e-005 0.391259 
7.54604e-005 3.64726e-005 -5.02676e-006 -3.84469e-006 -0.14902 
2.72915e-006 0.000215305 -7.50131e-005 -0.000127803 -0.0187016 
-0.000124831 0.00014459 -0.000184835 1.77474e-005 0.18894 
6.58767e-005 -0.000105033 0.000160308 -7.23967e-005 -0.056155 
-8.4902e-005 -1.98275e-005 7.77053e-006 8.48283e-005 0.0649225 
1.50998e-006 0.000234028 -0.00016559 -7.13171e-005 -0.0246996 
5.82063e-005 0.000211694 -0.000178795 -1.95253e-005 -0.140265 
1.94107e-005 -1.27279e-005 7.73396e-005 -9.33668e-005 0.0186989 
2.11409e-005 1.1274e-005 -3.27462e-005 6.51038e-005 -0.0884987 
-9.99232e-005 2.00749e-005 -9.1869e-005 3.58529e-005 0.176309 
6.47354e-005 2.66191e-005 4.27355e-005 -5.97112e-005 -0.100125 
-1.45268e-005 0.000233797 -8.9144e-005 -0.00011706 -0.00614472 
0.000113463 -0.000263902 0.000206271 3.69465e-005 -0.131581 
-2.76855e-005 7.93263e-005 -7.23277e-005 -3.80777e-005 0.0637765 
5.29888e-005 -3.15671e-005 1.59039e-005 -1.75364e-005 -0.0498205 
-4.9621e-005 -6.89144e-005 5.45608e-005 2.15565e-005 0.0817636 
-8.98171e-005 -2.38568e-006 0.000103674 -7.97501e-005 0.152199 
-1.34129e-005 0.000180446 -0.000177527 -1.4226e-005 0.000272176 
5.86603e-007 -9.58028e-005 8.03367e-005 -1.70292e-005 0.0459606 
-3.67229e-005 4.87174e-005 -2.04187e-005 -2.11357e-005 0.0519133 
5.93858e-005 -1.76603e-005 5.86729e-005 -9.06747e-005 -0.0311021 
-2.89018e-005 7.74331e-005 -5.06639e-005 -1.18491e-005 0.0246318 
-1.86362e-005 0.000142233 -5.16157e-005 -4.74687e-005 -0.0157097 
1.36591e-005 0.000136748 -0.000127777 1.33941e-005 -0.0677794 
3.11431e-005 2.1702e-006 -8.62944e-005 5.94466e-005 -0.0502569 
2.39168e-005 6.3263e-005 9.17292e-006 -4.32114e-005 -0.0607332 
1.84339e-005 -6.87602e-005 6.50211e-005 -3.58077e-005 0.0232582 
