124 7
129.707 -13.9603 -28.4503 -13.5618 22.4479 56.5427 -247.105 
10.6135 101.69 -8.55097 -59.0707 -36.7701 22.9836 -10.0076 
9.80999 21.1808 -30.0047 17.9419 -72.7473 7.65367 0.525035 
22.2412 32.2522 -30.2813 -16.0848 10.5775 -25.8427 -4.26063 
7.02924 13.4702 -7.62576 -14.9855 -7.2648 -1.37352 -0.535134 
34.2631 -1.52496 -6.10386 -71.3841 -5.55967 -21.663 -2.70946 
6.28497 55.8439 -11.85 18.961 4.68715 -16.9842 -9.40644 
-3.0502 11.9733 25.4884 -12.5525 -1.46162 5.63486 -5.14785 
-2.82047 -19.1485 15.0403 13.2014 -14.6048 -2.00465 1.80959 
11.2501 0.383242 13.6284 20.0464 4.07176 -30.6377 -8.66513 
6.57785 -2.75577 31.5981 12.286 -9.78237 -20.8203 -7.8989 
-3.43694 20.0604 -0.160568 -7.18832 -1.70387 8.33384 -0.272304 
3.36846 -46.5318 -8.28374 -2.35083 6.53547 -2.68811 5.43805 
-1.66273 9.71026 3.95436 -0.655241 0.190321 1.41783 -1.09164 
3.59966 11.1716 -24.1021 4.00994 8.28659 -3.51216 0.40221 
-1.78368 8.25083 -12.4679 2.25332 3.64025 3.82496 1.32634 
3.63052 -5.25416 -6.06616 2.54451 3.2462 -6.13145 0.0425523 
1.87713 27.4795 0.920856 -1.18425 -2.5447 -2.54204 -3.9005 
-2.86853 5.04244 4.70905 7.42792 -0.101316 -0.391323 -0.734852 
-0.045774 -0.732872 0.933356 -5.53142 -1.12065 2.79066 0.304501 
-0.748964 -19.0317 -0.130054 -0.0370341 -0.827309 1.91976 2.63944 
-0.824941 -8.52518 -5.06964 4.18707 3.39673 -0.0346983 1.6488 
-0.699081 0.446441 2.27775 0.527564 -1.19481 0.567276 -0.126778 
-0.25468 -5.26493 -4.07842 4.88676 2.60921 -1.05158 0.642009 
0.0496451 -10.4352 -1.01053 -1.06026 0.177456 0.979243 1.37959 
0.806575 0.0162435 -1.70322 -0.722804 0.33692 -0.569762 0.0142319 
-0.0180415 -2.94816 2.61538 1.67605 -0.679928 -1.03506 -0.244892 
0.118478 -10.2247 6.10184 -3.24503 -1.95088 0.491128 0.510203 
-0.118864 7.22236 -1.96695 -1.73304 -0.372978 1.55879 -0.46314 
-0.241407 0.660692 -2.25765 2.22315 1.28475 -0.458641 0.17835 
-0.845448 10.7568 2.00767 -1.85765 -2.57499 2.18073 -1.08162 
-1.43628 7.41017 7.52195 -4.091 -4.22482 3.25389 -1.16154 
-0.46003 8.82839 3.57908 -2.29984 -2.26852 1.33369 -1.25192 
-0.453171 1.17087 -0.136808 0.0566217 -0.116601 0.859036 -0.0629951 
0.330553 -1.47487 0.477605 -0.169 -0.00195939 -0.587928 0.0385109 
0.612998 -6.56198 1.46149 -0.410434 0.0931457 -1.06448 0.378208 
0.159806 -0.19543 -1.77013 0.616125 0.766489 -0.258626 0.154207 
0.283093 1.40717 -0.0229679 -0.363921 -0.174058 -0.234651 -0.246669 
-0.652832 -0.32663 0.0145382 -0.704093 -0.763107 1.6997 0.25816 
-0.179918 -6.85752 1.80781 -1.16384 -0.538487 0.603865 0.741261 
-0.898701 7.13091 0.21471 -1.30378 -1.04751 2.19278 -0.515385 
0.015872 1.90842 0.771971 0.87864 -0.181148 -0.71773 -0.333185 
-0.202718 -12.5669 5.15017 -1.51801 -1.67195 0.343763 1.00737 
0.176008 -3.33939 0.0319988 -0.461819 0.181825 -0.113593 0.408362 
0.0307221 4.27166 -1.49625 0.126597 0.304559 0.129571 -0.328131 
0.242096 -0.569246 -0.36118 0.599764 0.581335 -0.749577 -0.0041648 
-0.123356 -2.47108 -0.884616 0.0189037 0.511577 0.34885 0.438554 
0.371113 4.70893 0.699927 -0.681189 -0.856448 -0.385089 -0.660856 
0.278593 3.12077 -0.37263 0.164154 0.153282 -0.515154 -0.447005 
-0.412945 -6.88027 0.610554 0.172412 0.0623171 0.548205 0.861679 
0.0819553 7.1549 -2.20936 0.313014 0.440411 0.0702611 -0.616606 
-0.160018 -4.8429 1.61054 -0.581642 -0.263338 0.275802 0.43116 
-0.018583 3.12967 -0.338779 0.382441 -0.0252208 -0.0575014 -0.391336 
-0.0367127 1.83948 -1.11322 0.290793 0.494258 0.0518653 -0.0904516 
-0.120439 1.12895 -0.128864 -0.388432 -0.355506 0.494059 -0.0372599 
0.0702014 1.14595 0.804541 -0.326767 -0.5646 -0.070258 -0.211757 
-0.314177 3.44417 0.0609774 -0.217048 -0.508835 0.680297 -0.298861 
0.0501733 -2.56039 -0.791474 0.348032 0.641678 -0.149218 0.354959 
0.326974 2.54554 -1.07003 0.438589 0.423762 -0.609681 -0.302863 
-0.00797114 -3.21949 0.615076 -0.0971011 -0.17101 -0.0115351 0.332016 
-0.046237 0.5251 -0.233056 -0.141564 0.00821831 0.17794 0.00567822 
-0.0602193 0.805237 -0.0804035 0.293795 -0.0478719 -0.00404758 -0.0945997 
-0.000598354 -2.42071 0.866492 -0.139114 0.0317797 -0.140702 0.173731 
-0.0824435 0.815656 0.440532 -0.479061 -0.374121 0.298645 -0.0689159 
0.0441048 -1.82789 0.0243111 0.0310976 0.0904166 -0.0852941 0.203343 
-0.0987239 1.31394 0.792052 -0.523042 -0.511191 0.290724 -0.179763 
-0.00496273 0.798766 0.221869 -0.522678 -0.265484 0.256816 -0.0890064 
-0.00769565 -3.00557 0.889168 -0.245691 -0.168713 0.00679858 0.245664 
-0.0484159 -0.813722 -0.535294 0.433609 0.26557 -0.0079815 0.134235 
0.0775939 0.141913 -0.740605 -0.0451329 0.373757 -0.00926134 0.0514806 
-0.0232604 2.30717 -0.276802 -0.265841 -0.073877 0.20344 -0.20618 
-0.0524882 1.46261 0.531129 -0.328348 -0.309053 0.158449 -0.214756 
-0.11848 0.0395505 0.403018 0.105944 -0.204967 0.0769824 -0.0137559 
0.060665 -1.1684 0.330518 -0.0656724 -0.166123 -0.101925 0.100357 
0.0237434 -1.14817 -0.615756 0.238453 0.281191 -0.032031 0.194688 
0.0346174 -0.0853026 0.12429 0.103001 -0.00291072 -0.146056 -0.017219 
0.009334 1.41866 -0.00169583 -0.213552 -0.147918 0.0972048 -0.154202 
-0.0125515 0.406958 0.116073 0.135187 -0.0169836 -0.0791979 -0.0704932 
-0.0848627 -0.642613 -0.167244 0.00949941 0.10855 0.17207 0.115081 
0.081032 -0.650821 0.0924546 0.125405 0.0466283 -0.225096 0.0381321 
0.03621 -0.923985 0.131569 -0.0274692 0.00921788 -0.0657665 0.0827776 
0.0132682 0.80485 -0.440462 0.33485 0.224739 -0.130282 -0.0740295 
0.0277094 2.65517 -0.100978 -0.0315431 -0.150295 -0.0283433 -0.295795 
0.112239 0.111259 -0.664467 0.271202 0.342093 -0.228556 0.0200851 
-0.0339165 -0.790322 0.295938 -0.127568 -0.11151 0.0712828 0.0841292 
-0.0203188 -1.04208 0.085078 -0.0407683 0.0103303 0.0523315 0.118494 
0.0293979 -1.04989 0.496095 0.0446185 -0.139748 -0.148178 0.0526064 
0.00491963 -0.244556 -0.1741 0.286221 0.0968324 -0.11069 0.0285836 
0.043775 0.12686 0.0609849 0.0551093 0.00733737 -0.120372 -0.0407313 
0.0645045 -1.74208 -0.0443237 0.012367 0.163536 -0.101632 0.183632 
-0.0437238 0.155321 0.029389 -0.0417112 -0.048777 0.0893814 -0.0015284 
-0.0173315 1.11154 -0.287599 0.0115416 0.0346092 0.0747238 -0.0936606 
0.00352821 -0.255306 -0.216836 0.161755 0.148801 -0.0568598 0.0435699 
-0.0129825 -0.356314 0.0168383 -0.0428529 -0.034049 0.0591833 0.0454328 
-0.0774064 0.570556 0.0521592 -0.190029 -0.149252 0.22955 -0.0323983 
-0.00269444 -0.236308 -0.0509364 -0.111893 0.0539083 0.0621479 0.0389511 
-0.00364469 0.743145 -0.330236 0.160345 0.105657 -0.0246329 -0.0536556 
-0.0467294 0.128155 0.0309192 -0.0342602 -0.0385527 0.0945706 -0.00404346 
0.0124744 -0.141594 0.0876714 -0.0872707 -0.033456 0.00493423 0.0102156 
-0.0535627 0.643797 -0.0708389 -0.108216 -0.0184633 0.15491 -0.0490588 
0.0470379 -0.996372 -0.15458 -0.0404514 0.112819 -0.0239532 0.125142 
0.0215657 -1.20217 0.262923 0.0481447 -0.00530847 -0.105516 0.098987 
-0.007629 -0.429091 0.185201 -0.102903 -0.0573965 0.0355257 0.0350027 
0.0166089 -0.130955 -0.153077 0.105521 0.0716126 -0.0512675 0.0238576 
-0.00564862 -0.589031 0.123064 -0.0734221 -0.0301309 0.0289397 0.0622165 
0.0273455 -0.423372 0.0341754 0.0815696 0.0315685 -0.09187 0.0312378 
-0.0131845 0.50792 0.0172156 -0.090456 -0.0592966 0.0600716 -0.0476212 
-0.00901701 0.0771162 0.0658215 0.0339124 -0.0323096 -0.0119296 -0.0166492 
0.0232271 0.63028 -0.134544 -0.00766043 0.0119362 -0.0149095 -0.0626717 
0.0386971 -0.881053 0.127482 -0.0741102 0.0430165 -0.0610934 0.0806346 
-0.0159927 0.110321 0.163254 -0.0193509 -0.0746873 0.00667864 -0.0262837 
-0.0444703 -0.0345836 0.0371687 0.121301 0.0188133 0.00512078 0.000104821 
0.0216638 -0.454885 -0.00429231 -0.019559 0.0482506 -0.0281553 0.046907 
0.0341243 0.200186 -0.247336 0.0751883 0.0910873 -0.0546818 -0.00477877 
0.0194214 0.131094 -0.137454 0.0505197 0.0508678 -0.0323449 -0.00850293 
0.00394304 0.195112 -0.0233127 -0.0754193 -0.021156 0.0356538 -0.0144539 
-0.0261633 0.017141 -0.0363434 -0.142812 -0.0213215 0.123854 0.0221934 
-0.0498281 -0.184159 0.0992092 0.0432047 -0.0200792 0.0454616 0.019102 
-0.0136033 -0.782215 0.0590913 0.0536928 0.0566981 -0.0155764 0.081065 
0.0209472 -0.300777 0.0535345 -0.0253332 -0.00346798 -0.0325255 0.0261212 
-0.00903543 -0.562718 0.189 0.0481089 -0.0206976 -0.0408463 0.0395978 
-0.00759008 0.50581 -0.126865 0.00297066 0.00282483 0.0361353 -0.0414514 
0.0195587 -0.316691 0.0609603 0.0268107 0.0177074 -0.0608498 0.0216033 
0.00387327 -0.382665 0.0357156 0.0273944 0.0308827 -0.0286131 0.0355509 
