   1.2913197e+02
   2.2046479e+01
   1.0203001e+01
   6.4058052e+00
   4.7458231e+00
   3.8142133e+00
   2.9738428e+00
   2.3483586e+00
   2.1477869e+00
   1.6452513e+00
   1.3112691e+00
   8.0613376e-01
   6.9962703e-01
   6.5722809e-01
   6.2470191e-01
   4.5420415e-01
   4.0230659e-01
   3.4792244e-01
   3.3624030e-01
   2.9624694e-01
   2.7524550e-01
   2.2226924e-01
   1.9910013e-01
   1.7781101e-01
   1.5721629e-01
   1.4170973e-01
   1.3584983e-01
   1.3119644e-01
   1.0505032e-01
   8.9229025e-02
   8.0751072e-02
   7.8764523e-02
   7.0264835e-02
   5.9390701e-02
   5.6137462e-02
   5.2048147e-02
   4.9975590e-02
   4.4151873e-02
   4.2069507e-02
   4.0799042e-02
   3.8635759e-02
   3.5623370e-02
   3.1136436e-02
   2.9692094e-02
   2.8693859e-02
   2.8087713e-02
   2.6217845e-02
   2.5338859e-02
   2.4066440e-02
   2.3441371e-02
   2.2842206e-02
   2.0753720e-02
   1.9889853e-02
   1.9146169e-02
   1.7605041e-02
   1.6596345e-02
   1.6241022e-02
   1.5237443e-02
   1.4601276e-02
   1.4093442e-02
   1.3274963e-02
   1.3056981e-02
   1.1932457e-02
   1.1533226e-02
   1.1440749e-02
   1.1097330e-02
   1.0602923e-02
   1.0311782e-02
   9.8799096e-03
   9.5638532e-03
   9.0873498e-03
   8.8187388e-03
   8.6657249e-03
   8.0101515e-03
   7.7885957e-03
   7.4532166e-03
   7.0806598e-03
   6.8305137e-03
   6.6080221e-03
   6.6026572e-03
   6.3829124e-03
   6.3139821e-03
   5.9586480e-03
   5.8114188e-03
   5.5702050e-03
   5.4287050e-03
   5.1700986e-03
   5.1342198e-03
   4.9014878e-03
   4.6215391e-03
   4.5937209e-03
   4.4632749e-03
   4.3588096e-03
   4.2406689e-03
   4.0190964e-03
   3.8763821e-03
   3.7349059e-03
   3.6815178e-03
   3.6210154e-03
   3.5316718e-03
   3.3511343e-03
   3.2241988e-03
   3.1032419e-03
   3.0501158e-03
   3.0332188e-03
   2.9547312e-03
   2.8924366e-03
   2.7292043e-03
   2.6978778e-03
   2.6482457e-03
   2.5918023e-03
   2.4740492e-03
   2.4183505e-03
   2.3574927e-03
   2.2641350e-03
   2.2094632e-03
   2.1172435e-03
   2.0318570e-03
   1.9472138e-03
   1.8401757e-03
   1.7638490e-03
   1.7120135e-03
   1.4951976e-03
   1.4805221e-03
   2.8225761e-12
