   1.7154809e+02
   2.2140957e+01
   1.1178882e+01
   6.5676398e+00
   5.0170046e+00
   3.9680729e+00
   3.5672726e+00
   2.6295267e+00
   2.4115412e+00
   1.8261899e+00
   1.4397075e+00
   1.2090894e+00
   9.0928622e-01
   7.2160416e-01
   5.5608362e-01
   4.5369320e-01
   4.1011453e-01
   3.8540144e-01
   3.3752660e-01
   3.1159612e-01
   2.9797325e-01
   2.2994100e-01
   1.9508374e-01
   1.7390438e-01
   1.6811984e-01
   1.5341950e-01
   1.3097682e-01
   1.1593074e-01
   1.0898963e-01
   9.4118916e-02
   9.0736624e-02
   7.6103508e-02
   6.8815654e-02
   6.5318215e-02
   5.9057701e-02
   5.5513757e-02
   5.2680879e-02
   5.0053734e-02
   4.6454374e-02
   4.1837357e-02
   4.0579331e-02
   3.7272322e-02
   3.6323066e-02
   3.3951304e-02
   3.0874614e-02
   3.0616498e-02
   2.8842480e-02
   2.6150072e-02
   2.5588732e-02
   2.4504673e-02
   2.3416895e-02
   2.2359587e-02
   2.0625655e-02
   2.0250366e-02
   1.9363959e-02
   1.8419152e-02
   1.7349002e-02
   1.6640811e-02
   1.5904666e-02
   1.5377827e-02
   1.5023280e-02
   1.4416396e-02
   1.3867972e-02
   1.3005173e-02
   1.2368113e-02
   1.2025988e-02
   1.1835697e-02
   1.1597963e-02
   1.0355740e-02
   1.0302808e-02
   9.8914353e-03
   9.7373337e-03
   9.3912564e-03
   9.1027140e-03
   8.6652929e-03
   8.4547091e-03
   8.2276004e-03
   8.0290360e-03
   7.6163470e-03
   7.3486080e-03
   7.3067392e-03
   7.1525125e-03
   6.9299799e-03
   6.4467301e-03
   6.3790487e-03
   6.1042374e-03
   5.9192637e-03
   5.7747781e-03
   5.4788530e-03
   5.3580871e-03
   5.1833338e-03
   5.1390323e-03
   4.9316297e-03
   4.6531009e-03
   4.5583729e-03
   4.4932878e-03
   4.3286306e-03
   4.1952480e-03
   4.0488136e-03
   3.8842502e-03
   3.8340974e-03
   3.7052326e-03
   3.6013888e-03
   3.4335302e-03
   3.4089888e-03
   3.3007161e-03
   3.2471737e-03
   3.1213636e-03
   2.9529117e-03
   2.8655451e-03
   2.8393279e-03
   2.7217405e-03
   2.6760611e-03
   2.5590566e-03
   2.5197589e-03
   2.4928036e-03
   2.3537463e-03
   2.2629542e-03
   2.2089596e-03
   2.0564260e-03
   2.0073921e-03
   1.9222662e-03
   1.8452539e-03
   1.6141113e-03
   3.6657074e-12
