(base) C:\Users\willi>C:/ProgramData/Anaconda3/python.exe c:/Users/willi/Desktop/Programming/Undergrad-Research/findborder/cudareadsilhouette_test_graph.py
Generating Graph
Exploring graph
point_map size: 7399
point_list size: 2
first pixel: (357, 1528)
last pixel: (358, 1529)
[(358, 1527), (358, 1528), (358, 1529), (358, 1530), (358, 1531), (359, 1531), (359, 1532), (359, 1533), (359, 1534), (360, 1534), (360, 1535), (361, 1535), (361, 1536), (361, 1537), (362, 1537), (362, 1538), (363, 1538), (363, 1539), (364, 1539), (364, 1540), (365, 1540), (365, 1541), (365, 1542), (366, 1542), (366, 1543), (367, 1543), (367, 1544), (368, 1544), (369, 1544), (369, 1545), (370, 1545), (371, 1545), (371, 1546), (372, 1546), (372, 1547), (373, 1547), (374, 1547), (374, 1548), (375, 1548), (375, 1549), (376, 1549), (376, 1550), (377, 1550), (378, 1550), (378, 1551), (378, 1552), (379, 1552), (379, 1553), (380, 1553), (380, 1554), (380, 1555), (381, 1555), (381, 1556), (381, 1557), (382, 1557), (382, 1558), (383, 1558), (383, 1559), (384, 1559), (384, 1560), (384, 1561), (385, 1561), (385, 1562), (385, 1563), (385, 1564), (386, 1564), (386, 1565), (386, 1566), (387, 1566), (387, 1567), (388, 1567), (388, 1568), (389, 1568), (390, 1568), (390, 1569), (391, 1569), (392, 1569), (392, 1570), (393, 1570), (394, 1570), (394, 1571), (395, 1571), (396, 1571), (396, 1572), (397, 1572), (398, 1572), (398, 1573), (399, 1573), (399, 1574), (400, 1574), (400, 1575), (401, 1575), (401, 1576), (402, 1576), (402, 1577), (403, 1577), (403, 1578), (404, 1578), (405, 1578), (405, 1579), (406, 1579), (407, 1579), (407, 1580), (408, 1580), (408, 1581), (409, 1581), (410, 1581), (410, 1582), (411, 1582), (411, 1583), (412, 1583), (413, 1583), (414, 1583), (415, 1583), (416, 1583), (417, 1583), (418, 1583), (418, 1584), (419, 1584), (420, 1584), (420, 1585), (421, 1585), (422, 1585), (422, 1586), (423, 1586), (424, 1586), (425, 1586), (426, 1586), (426, 1587), (427, 1587), (428, 1587), (429, 1587), (430, 1587), (431, 1587), (432, 1587), (433, 1587), (434, 1587), (435, 1587), (436, 1587), (437, 1587), (438, 1587), (439, 1587), (440, 1587), (441, 1587), (442, 1587), (442, 1588), (443, 1588), (444, 1588), (445, 1588), (446, 1588), (447, 1588), (448, 1588), (449, 1588), (450, 1587), (450, 1588), (451, 1587), (452, 1587), (453, 1587), (454, 1587), (455, 1586), (455, 1587), (456, 1586), (457, 1586), (458, 1586), (459, 1586), (460, 1586), (461, 1586), (462, 1586), (463, 1585), (463, 1586),
(464, 1585), (465, 1585), (466, 1585), (467, 1585), (468, 1585), (469, 1585), (470, 1584), (470, 1585), (471, 1584), (472, 1584), (473, 1584), (474, 1583), (474, 1584), (475, 1583), (476, 1583), (477,
1583), (478, 1583), (479, 1583), (480, 1583), (481, 1583), (482, 1583), (483, 1583), (484, 1583), (485, 1583), (486, 1582), (486, 1583), (487, 1582), (488, 1582), (489, 1582), (490, 1582), (491, 1582), (492, 1582), (493, 1582), (494, 1581), (494, 1582), (495, 1581), (496, 1581), (497, 1580), (497, 1581), (498, 1580), (499, 1579), (499, 1580), (500, 1579), (501, 1579), (502, 1579), (503, 1578), (503, 1579), (504, 1578), (505, 1577), (505, 1578), (506, 1577), (507, 1576), (507, 1577), (508, 1576), (509, 1576), (510, 1575), (510, 1576), (511, 1575), (512, 1575), (513, 1574), (513, 1575), (514, 1574), (515, 1574), (516, 1573), (516, 1574), (517, 1573), (518, 1572), (518, 1573), (519, 1572), (520, 1571), (520, 1572), (521, 1571), (521, 1570), (522, 1570), (523, 1570), (524, 1570), (525, 1569), (525, 1570), (526, 1569), (527, 1569), (528, 1569), (529, 1569), (530, 1569), (530, 1570), (531, 1569), (531, 1570), (532, 1569), (533, 1568), (533, 1569), (534, 1568), (535, 1567), (535, 1568), (536, 1567), (537, 1566), (537, 1567), (538, 1566), (539, 1565), (539, 1566), (540, 1565), (541, 1564), (541, 1565), (542, 1564), (543, 1563), (543, 1564), (544, 1563), (544, 1562), (545, 1562), (546, 1561), (546, 1562), (547, 1561), (547, 1560), (548, 1559), (548, 1560), (549, 1559), (549, 1558), (550, 1557), (550, 1558), (551, 1557), (552, 1556), (552, 1557), (553, 1556), (554, 1555), (554, 1556), (555, 1555), (556, 1554), (556, 1555), (557, 1554), (558, 1554), (559, 1554), (560, 1554), (561, 1554), (562, 1554), (563, 1554), (564, 1554), (565, 1554), (566, 1554), (567, 1554), (568, 1554), (569, 1554), (570, 1554), (571, 1554), (572, 1554), (572, 1555), (573, 1555), (574, 1555), (575, 1555), (576, 1555), (576, 1556), (577, 1556), (578, 1556), (578, 1557), (579, 1557), (579, 1558), (580, 1558), (580, 1559), (581, 1559), (581, 1560), (582, 1560), (582, 1561), (583, 1561), (583, 1562), (584, 1562), (584, 1563), (584, 1564), (585, 1564), (585, 1565), (586, 1565), (586, 1566), (586, 1567), (587, 1567), (587, 1568), (588, 1568), (588, 1569), (588, 1570), (589, 1570), (589, 1571), (590, 1571), (590, 1572), (590, 1573), (591, 1573), (591, 1574), (591, 1575), (592, 1575), (592, 1576), (592, 1577), (593, 1577), (593, 1578), (593, 1579), (594, 1579), (594, 1580), (594, 1581), (595, 1581), (595, 1582), (595, 1583), (596, 1583), (596, 1584), (596, 1585), (597, 1585), (597, 1586), (598, 1586), (598, 1587),
(598, 1588), (599, 1588), (599, 1589), (600, 1589), (600, 1590), (601, 1590), (601, 1591), (602, 1591), (602, 1592), (603, 1592), (603, 1593), (604, 1593), (604, 1594), (605, 1594), (605, 1595), (606,
1595), (606, 1596), (607, 1596), (607, 1597), (608, 1597), (608, 1598), (609, 1598), (609, 1599), (610, 1599), (610, 1600), (611, 1600), (611, 1601), (612, 1601), (612, 1602), (613, 1602), (613, 1603), (614, 1603), (614, 1604), (615, 1604), (615, 1605), (615, 1606), (616, 1606), (616, 1607), (616, 1608), (617, 1608), (617, 1609), (617, 1610), (617, 1611), (617, 1612), (617, 1613), (617, 1614), (617, 1615), (617, 1616), (617, 1617), (617, 1618), (617, 1619), (617, 1620), (617, 1621), (617, 1622), (617, 1623), (617, 1624), (617, 1625), (617, 1626), (617, 1627), (617, 1628), (617, 1629), (617, 1630), (617, 1631), (617, 1632), (617, 1633), (617, 1634), (617, 1635), (617, 1636), (618, 1636), (618, 1637), (618, 1638), (618, 1639), (619, 1639), (619, 1640), (619, 1641), (620, 1641), (620, 1642), (620, 1643), (621, 1643), (621, 1644), (622, 1644), (622, 1645), (623, 1645), (623, 1646), (624, 1646), (624, 1647), (625, 1647), (625, 1648), (626, 1648), (626, 1649), (626, 1650), (627, 1650), (627, 1651), (628, 1651), (628, 1652), (629, 1652), (629, 1653), (630, 1653), (630, 1654), (631, 1654), (631, 1655), (632, 1655), (632, 1656), (633, 1656), (633, 1657), (634, 1657), (634, 1658), (635, 1658), (635, 1659), (636, 1659), (636, 1660), (637, 1660), (637, 1661), (638, 1661), (638, 1662), (639, 1662), (639, 1663), (640, 1663), (640, 1664), (641, 1664), (642, 1664), (642, 1665), (643, 1665), (643, 1666), (644, 1666), (644, 1667), (645, 1667), (646, 1667), (646, 1668), (647, 1668), (647, 1669), (648, 1669), (649, 1669), (649, 1670), (650, 1670), (651, 1670), (651, 1671), (652, 1671), (652, 1672), (653, 1672), (654, 1672), (654, 1673), (655, 1673), (656, 1673), (656, 1674), (657, 1674), (657, 1675), (658, 1675), (659, 1675), (659, 1676), (660, 1676), (661, 1676), (661, 1677), (662, 1677), (663, 1677), (663, 1678), (664, 1678), (665, 1678), (665, 1679), (666, 1679), (667, 1679), (667, 1680), (668, 1680), (668, 1681), (669, 1681), (670, 1681), (670, 1682), (671, 1682), (672, 1682), (672, 1683), (673, 1683), (673, 1684), (674, 1684), (675, 1684), (675, 1685), (676, 1685), (677, 1685), (678, 1685), (678, 1686), (679, 1686), (680, 1686), (680, 1687), (681, 1687), (682, 1687), (682, 1688), (683, 1688), (684, 1688), (685, 1688), (685, 1689), (686, 1689), (687, 1689), (688, 1689), (688, 1690), (689, 1690), (690, 1690), (691, 1690), (691, 1691), (692, 1691), (693, 1691), (694, 1691), (694, 1692),
(695, 1692), (696, 1692), (697, 1692), (697, 1693), (698, 1693), (699, 1693), (700, 1693), (700, 1694), (701, 1694), (702, 1694), (703, 1694), (704, 1694), (704, 1695), (705, 1695), (706, 1695), (707,
1695), (708, 1695), (708, 1696), (709, 1696), (710, 1696), (711, 1696), (712, 1696), (713, 1696), (713, 1697), (714, 1697), (715, 1697), (716, 1697), (717, 1697), (718, 1697), (718, 1698), (719, 1698), (720, 1698), (721, 1698), (722, 1698), (723, 1698), (724, 1698), (724, 1699), (725, 1699), (726, 1699), (727, 1699), (728, 1699), (729, 1699), (729, 1700), (730, 1700), (731, 1700), (732, 1700), (733, 1700), (734, 1700), (734, 1701), (735, 1701), (736, 1701), (737, 1701), (737, 1702), (738, 1702), (739, 1702), (740, 1702), (741, 1702), (741, 1703), (742, 1703), (743, 1703), (744, 1703), (745, 1703), (745, 1704), (746, 1704), (747, 1704), (747, 1705), (748, 1705), (749, 1705), (750, 1705), (750, 1706), (751, 1706), (752, 1706), (753, 1706), (753, 1707), (754, 1707), (755, 1707), (756, 1707), (756, 1708), (757, 1708), (758, 1708), (759, 1708), (759, 1709), (760, 1709), (761, 1709), (761, 1710), (762, 1710), (763, 1710), (763, 1711), (764, 1711), (765, 1711), (766, 1711), (766, 1712), (767, 1712), (768, 1712), (768, 1713), (769, 1713), (770, 1713), (771, 1713), (771, 1714), (772, 1714), (773, 1714), (773, 1715), (774, 1715), (775, 1715), (776, 1715), (776, 1716), (777, 1716), (778, 1716), (778, 1717), (779, 1717), (780, 1717), (780, 1718), (781, 1718), (782, 1718), (782, 1719), (783, 1719), (784, 1719), (785, 1719), (785, 1720), (786, 1720), (787, 1720), (787, 1721), (788, 1721), (789, 1721), (790, 1721), (790, 1722), (791, 1722), (792, 1722), (792, 1723), (793, 1723), (794, 1723), (794, 1724), (795, 1724), (796, 1724), (796, 1725), (797, 1725), (798, 1725), (799, 1725), (799, 1726), (800, 1726), (801, 1726), (801, 1727), (802, 1727), (803, 1727), (803, 1728), (804, 1728), (804, 1729), (805, 1729), (806, 1729), (806, 1730), (807, 1730), (808, 1730), (808, 1731), (809, 1731), (809, 1732), (810, 1732), (811, 1732), (811, 1733), (812, 1733), (812, 1734), (813, 1734), (814, 1734), (814, 1735), (815, 1735), (816, 1735), (816, 1736), (817, 1736), (817, 1737), (818, 1737), (819, 1737), (819, 1738), (820, 1738), (820, 1739), (821, 1739), (822, 1739), (822, 1740), (823, 1740), (823, 1741), (824, 1741), (824, 1742), (825, 1742), (826, 1742), (826, 1743), (827, 1743), (827, 1744), (828, 1744), (828, 1745), (829, 1745), (829, 1746), (830, 1746), (830, 1747), (831, 1747), (831, 1748), (832, 1748), (833, 1748), (833, 1749), (834, 1749), (834, 1750), (835, 1750), (835, 1751), (836, 1751),
(836, 1752), (837, 1752), (837, 1753), (838, 1753), (838, 1754), (839, 1754), (840, 1754), (840, 1755), (841, 1755), (841, 1756), (842, 1756), (842, 1757), (843, 1757), (844, 1757), (844, 1758), (845,
1758), (845, 1759), (846, 1759), (846, 1760), (847, 1760), (847, 1761), (848, 1761), (849, 1761), (849, 1762), (850, 1762), (850, 1763), (851, 1763), (852, 1763), (852, 1764), (853, 1764), (853, 1765), (854, 1765), (855, 1765), (855, 1766), (856, 1766), (857, 1766), (857, 1767), (858, 1767), (859, 1767), (859, 1768), (860, 1768), (861, 1768), (861, 1769), (862, 1769), (863, 1769), (863, 1770), (864, 1770), (865, 1770), (865, 1771), (866, 1771), (866, 1772), (867, 1772), (868, 1772), (868, 1773), (869, 1773), (870, 1773), (870, 1774), (871, 1774), (872, 1774), (873, 1774), (873, 1775), (874, 1775), (875, 1775), (875, 1776), (876, 1776), (877, 1776), (878, 1776), (878, 1777), (879, 1777), (880, 1777), (881, 1777), (881, 1778), (882, 1778), (883, 1778), (883, 1779), (884, 1779), (885, 1779), (886, 1779), (886, 1780), (887, 1780), (888, 1780), (889, 1780), (890, 1780), (890, 1781), (891, 1781), (892, 1781), (893, 1781), (893, 1782), (894, 1782), (895, 1782), (896, 1782), (896, 1783), (897, 1783), (898, 1783), (899, 1783), (899, 1784), (900, 1784), (901, 1784), (902, 1784), (902, 1785), (903, 1785), (904, 1785), (905, 1785), (905, 1786), (906, 1786), (907, 1786), (907, 1787), (908, 1787), (909, 1787), (910, 1787), (910, 1788), (911, 1788), (912, 1788), (913, 1788), (913, 1789), (914, 1789), (915, 1789), (915, 1790), (916, 1790), (917, 1790), (918, 1790), (918, 1791), (919, 1791), (920, 1791), (921, 1791), (922, 1791), (922, 1792), (923, 1792), (924, 1792), (925, 1792), (925, 1793), (926, 1793), (927, 1793), (928, 1793), (928, 1794), (929, 1794), (930, 1794), (931, 1794), (931, 1795), (932, 1795), (933, 1795), (934, 1795), (934, 1796), (935, 1796), (936, 1796), (937, 1796), (937, 1797), (938, 1797), (939, 1797), (940, 1797), (940, 1798), (941, 1798), (942, 1798), (943, 1798), (943, 1799), (944, 1799), (945, 1799), (946, 1799), (946, 1800), (947, 1800), (948, 1800), (949, 1800), (949, 1801), (950, 1801), (951, 1801), (952, 1801), (952, 1802), (953, 1802), (954, 1802), (954, 1803), (955, 1803), (956, 1803), (957, 1803), (957, 1804), (958, 1804), (959, 1804), (960, 1804), (960, 1805), (961, 1805), (962, 1805), (963, 1805), (963, 1806), (964, 1806), (965, 1806), (965, 1807), (966, 1807), (967, 1807), (968, 1807), (968, 1808), (969, 1808), (970, 1808), (970, 1809), (971, 1809), (972, 1809), (973, 1809), (973, 1810), (974, 1810), (975, 1810), (976, 1810), (977, 1810), (977, 1811),
(978, 1811), (979, 1811), (979, 1812), (980, 1812), (981, 1812), (981, 1813), (982, 1813), (983, 1813), (983, 1814), (984, 1814), (985, 1814), (986, 1814), (986, 1815), (987, 1815), (988, 1815), (988,
1816), (989, 1816), (990, 1816), (991, 1816), (991, 1817), (992, 1817), (993, 1817), (993, 1818), (994, 1818), (995, 1818), (996, 1818), (996, 1819), (997, 1819), (998, 1819), (998, 1820), (999, 1820), (1000, 1820), (1001, 1820), (1001, 1821), (1002, 1821), (1003, 1821), (1004, 1821), (1004, 1822), (1005, 1822), (1006, 1822), (1006, 1823), (1007, 1823), (1008, 1823), (1008, 1824), (1009, 1824), (1010, 1824), (1011, 1824), (1011, 1825), (1012, 1825), (1013, 1825), (1013, 1826), (1014, 1826), (1015, 1826), (1015, 1827), (1016, 1827), (1017, 1827), (1018, 1827), (1018, 1828), (1019, 1828), (1020, 1828), (1020, 1829), (1021, 1829), (1022, 1829), (1022, 1830), (1023, 1830), (1024, 1830), (1024, 1831), (1025, 1831), (1026, 1831), (1026, 1832), (1027, 1832), (1028, 1832), (1029, 1832), (1029, 1833),
(1030, 1833), (1031, 1833), (1031, 1834), (1032, 1834), (1033, 1834), (1033, 1835), (1034, 1835), (1035, 1835), (1036, 1835), (1036, 1836), (1037, 1836), (1038, 1836), (1039, 1836), (1039, 1837), (1040, 1837), (1041, 1837), (1041, 1838), (1042, 1838), (1043, 1838), (1043, 1839), (1044, 1839), (1045, 1839), (1046, 1839), (1046, 1840), (1047, 1840), (1048, 1840), (1048, 1841), (1049, 1841), (1050, 1841), (1050, 1842), (1051, 1842), (1052, 1842), (1052, 1843), (1053, 1843), (1054, 1843), (1054, 1844), (1055, 1844), (1055, 1845), (1056, 1845), (1056, 1846), (1057, 1846), (1058, 1846), (1058, 1847), (1059, 1847), (1060, 1847), (1060, 1848), (1061, 1848), (1062, 1848), (1062, 1849), (1063, 1849), (1063, 1850), (1064, 1850), (1064, 1851), (1065, 1851), (1066, 1851), (1066, 1852), (1067, 1852), (1067, 1853), (1068, 1853), (1068, 1854), (1069, 1854), (1069, 1855), (1070, 1855), (1070, 1856), (1071, 1856), (1071, 1857), (1072, 1857), (1072, 1858), (1073, 1858), (1073, 1859), (1074, 1859), (1074, 1860), (1075, 1860), (1075, 1861), (1076, 1861), (1076, 1862), (1077, 1862), (1077, 1863), (1078, 1863), (1079, 1863), (1079, 1864), (1080, 1864), (1080, 1865), (1081, 1865), (1081, 1866), (1082, 1866), (1083, 1866), (1083, 1867), (1084, 1867), (1085, 1867), (1086, 1867), (1087, 1867), (1087, 1868), (1088, 1868), (1089, 1868), (1090, 1868), (1091, 1868), (1091, 1869), (1092, 1869), (1093, 1869), (1094,
1869), (1095, 1869), (1096, 1869), (1097, 1869), (1098, 1869), (1099, 1869), (1100, 1869), (1101, 1869), (1102, 1869), (1103, 1869), (1104, 1869), (1105, 1869), (1106, 1869), (1107, 1869), (1108, 1869), (1109, 1869), (1110, 1869), (1111, 1869), (1112, 1869), (1113, 1869), (1114, 1869), (1115, 1869), (1116, 1869), (1117, 1869), (1118, 1869), (1119, 1869), (1120, 1869), (1121, 1869), (1122, 1868), (1122, 1869), (1123, 1868), (1124, 1868), (1125, 1868), (1126, 1867), (1126, 1868), (1127, 1867), (1128, 1867), (1129, 1867), (1130, 1867), (1131, 1866), (1131, 1867), (1132, 1866), (1133, 1866), (1134, 1866), (1135, 1865), (1135, 1866), (1136, 1865), (1137, 1865), (1138, 1865), (1139, 1865), (1140, 1864), (1140, 1865), (1141, 1864), (1142, 1864), (1143, 1864), (1144, 1864), (1145, 1863), (1145, 1864), (1146, 1863), (1147, 1862), (1147, 1863), (1148, 1862), (1148, 1861), (1149, 1859), (1149, 1858), (1150, 1856), (1150, 1855), (1149, 1854), (1148, 1853), (1147, 1852), (1146, 1852), (1145, 1853), (1144, 1853), (1143, 1853), (1142, 1853), (1141, 1853), (1140, 1852), (1139, 1852), (1138, 1851), (1137, 1850), (1136, 1850), (1136, 1849), (1136, 1848), (1136, 1847), (1136, 1846), (1136, 1845), (1136, 1844), (1137, 1842), (1137, 1841), (1138, 1839), (1138, 1838), (1138, 1837), (1138, 1836), (1137, 1835), (1137, 1834), (1137, 1833), (1137, 1832), (1136, 1831), (1136, 1830), (1136, 1829), (1136, 1828),
(1136, 1827), (1136, 1826), (1136, 1825), (1135, 1824), (1134, 1823), (1133, 1822), (1132, 1823), (1131, 1824), (1130, 1825), (1130, 1826), (1129, 1826), (1128, 1826), (1127, 1826), (1126, 1825), (1125, 1825), (1124, 1825), (1123, 1825), (1122, 1825), (1121, 1825), (1120, 1825), (1119, 1825), (1118, 1825), (1118, 1824), (1117, 1823), (1117, 1822), (1116, 1821), (1115, 1820), (1114, 1820), (1113, 1819), (1112, 1819), (1111, 1818), (1110, 1818), (1109, 1817), (1108, 1817), (1107, 1817), (1106, 1816), (1105, 1816), (1104, 1816), (1103, 1815), (1102, 1815), (1101, 1815), (1100, 1815), (1099, 1814), (1098, 1814), (1097, 1814), (1096, 1813), (1095, 1812), (1094, 1811), (1093, 1810), (1092, 1809), (1091, 1808), (1090, 1807), (1089, 1806), (1088, 1805), (1087, 1804), (1086, 1803), (1085, 1803), (1084, 1802), (1083, 1802), (1082, 1801), (1081, 1801), (1080, 1800), (1079, 1800), (1078, 1800), (1077, 1799), (1076, 1799), (1075, 1799), (1074, 1799), (1073, 1798), (1072, 1798), (1071, 1798), (1070, 1798), (1069, 1798), (1068, 1798), (1067, 1798), (1066, 1798), (1065, 1798), (1064, 1798), (1063, 1798), (1062, 1797), (1061, 1797), (1060, 1797), (1059, 1797), (1058, 1797), (1057, 1796), (1056, 1796), (1055, 1796), (1054, 1796), (1053, 1796), (1052, 1796), (1051, 1795), (1050, 1795), (1049, 1795), (1048, 1794), (1047, 1794), (1046, 1793), (1045, 1793), (1044, 1792), (1043, 1792), (1042, 1791), (1041,
1790), (1040, 1790), (1039, 1789), (1038, 1788), (1037, 1788), (1036, 1787), (1035, 1786), (1034, 1786), (1033, 1785), (1032, 1784), (1031, 1784), (1030, 1783), (1029, 1782), (1028, 1782), (1027, 1781), (1026, 1780), (1025, 1779), (1024, 1779), (1023, 1778), (1022, 1777), (1021, 1776), (1020, 1775), (1019, 1775), (1018, 1774), (1017, 1773), (1016, 1773), (1015, 1772), (1014, 1771), (1013, 1770), (1012, 1770), (1011, 1769), (1010, 1768), (1009, 1767), (1008, 1767), (1007, 1766), (1006, 1765), (1005, 1765), (1004, 1764), (1003, 1763), (1002, 1762), (1001, 1761), (1000, 1760), (999, 1759), (998, 1758), (997, 1757), (996, 1756), (995, 1755), (994, 1754), (993, 1753), (992, 1752), (991, 1751), (990, 1750), (989, 1749), (988, 1748), (987, 1747), (986, 1747), (986, 1746), (985, 1745), (984, 1744), (983, 1743), (982, 1742), (981, 1741), (980, 1740), (979, 1739), (978, 1738), (977, 1737), (976, 1736), (975, 1735), (974, 1734), (973, 1733), (972, 1732), (971, 1731), (970, 1731), (969, 1730), (968, 1729), (967, 1728), (966, 1727), (965, 1726), (964, 1726), (963, 1725), (962, 1725), (961, 1724), (960, 1724), (959, 1723), (958, 1722), (957, 1722), (956, 1721), (955, 1720), (954, 1719), (953, 1719), (952, 1718), (951, 1718), (950, 1717), (949, 1716), (948, 1716), (947, 1715), (946, 1714), (945, 1714), (944, 1713), (943, 1713), (942, 1712), (941, 1711), (940, 1711), (939, 1710), (938, 1710), (937, 1709), (936, 1709), (935, 1708), (934, 1708), (933, 1707), (932, 1707), (931, 1706), (930, 1706), (929, 1705), (928, 1705), (927, 1704), (926, 1703), (925, 1703), (924, 1702), (923, 1702), (922, 1701),
(921, 1700), (920, 1700), (919, 1699), (918, 1698), (917, 1698), (916, 1697), (915, 1696), (914, 1696), (913, 1695), (912, 1695), (911, 1694), (910, 1693), (909, 1693), (908, 1692), (907, 1692), (906,
1691), (905, 1691), (904, 1690), (903, 1690), (902, 1689), (901, 1689), (900, 1688), (899, 1688), (898, 1688), (897, 1687), (896, 1687), (895, 1687), (894, 1686), (893, 1686), (892, 1685), (891, 1685), (890, 1685), (889, 1684), (888, 1684), (887, 1684), (886, 1684), (885, 1683), (884, 1683), (883, 1682), (882, 1682), (881, 1682), (880, 1682), (879, 1682), (878, 1681), (877, 1681), (876, 1681), (875, 1680), (874, 1680), (873, 1679), (872, 1679), (871, 1679), (870, 1678), (869, 1678), (868, 1677), (867, 1677), (866, 1677), (865, 1676), (864, 1676), (863, 1676), (862, 1675), (861, 1675), (860, 1675), (859, 1674), (858, 1674), (857, 1674), (856, 1673), (855, 1673), (854, 1672), (853, 1672), (852, 1671), (851, 1671), (850, 1670), (849, 1669), (848, 1668), (847, 1668), (846, 1667), (845, 1666), (844, 1666), (843, 1665), (842, 1664), (841, 1664), (840, 1663), (839, 1663), (838, 1662), (837, 1661), (836, 1660), (835, 1660), (834, 1659), (833, 1659), (832, 1658), (831, 1657), (830, 1657), (830, 1656), (829, 1655), (828, 1655), (827, 1654), (826, 1653), (825, 1652), (824, 1651), (823, 1650), (822, 1649), (821, 1648), (820, 1647), (819, 1646), (818, 1645), (817, 1644), (816, 1644), (816, 1643), (815, 1642), (814, 1641), (813, 1640), (812, 1640), (811, 1640), (810, 1639), (809, 1638), (808, 1638), (807, 1637), (806, 1637), (805, 1637), (804, 1636), (803, 1636), (803, 1635), (802, 1634), (801, 1633), (800, 1632), (799, 1632), (799, 1631), (799, 1630), (800, 1630), (801, 1629), (801, 1630), (802, 1629), (802, 1628), (803, 1627), (803, 1628), (804, 1627), (805, 1626), (805, 1627), (806, 1626), (807, 1625), (807, 1626), (808, 1625), (809, 1624), (809, 1625), (810, 1624), (811, 1623), (811, 1624), (812, 1623), (813, 1622), (813, 1623), (814, 1622), (815, 1622), (816, 1621), (816, 1622), (817, 1621), (818, 1620), (818, 1621), (819, 1620), (820, 1619), (820, 1620), (821, 1619), (822, 1619), (823, 1618), (823, 1619), (824, 1618), (825, 1617), (825, 1618), (826, 1617), (827, 1617), (828, 1616), (828, 1617), (829, 1616), (830, 1615), (830, 1616), (831, 1615), (832, 1615), (833, 1614), (833, 1615), (834, 1614), (835, 1614), (836, 1613), (836, 1614), (837, 1613), (838, 1613), (839, 1613), (840, 1612), (840, 1613), (841, 1612), (842, 1612), (843, 1611), (843, 1612), (844, 1611), (845, 1611), (846, 1611), (847, 1611), (848, 1611), (849, 1611), (850, 1611), (851, 1611), (852, 1611), (853, 1611),
(854, 1611), (855, 1611), (856, 1611), (857, 1611), (858, 1611), (859, 1611), (860, 1611), (861, 1610), (861, 1611), (862, 1610), (863, 1610), (864, 1610), (865, 1610), (866, 1610), (867, 1610), (868,
1610), (869, 1610), (870, 1610), (871, 1610), (872, 1610), (873, 1610), (873, 1611), (874, 1611), (875, 1611), (876, 1611), (877, 1611), (878, 1611), (879, 1611), (880, 1611), (880, 1612), (881, 1612), (882, 1612), (883, 1612), (884, 1612), (885, 1612), (885, 1613), (886, 1613), (887, 1613), (888, 1613), (888, 1614), (889, 1614), (890, 1614), (891, 1614), (891, 1615), (892, 1615), (893, 1615), (894, 1615), (895, 1615), (895, 1616), (896, 1616), (897, 1616), (898, 1616), (898, 1617), (899, 1617), (900, 1617), (901, 1617), (902, 1617), (902, 1618), (903, 1618), (904, 1618), (905, 1618), (906, 1618), (906, 1619), (907, 1619), (908, 1619), (909, 1619), (910, 1619), (911, 1619), (911, 1620), (912, 1620), (913, 1620), (914, 1620), (915, 1620), (916, 1620), (917, 1620), (918, 1620), (919, 1620), (920, 1620), (921, 1620), (922, 1620), (923, 1620), (923, 1621), (924, 1621), (925, 1621), (926, 1621), (927, 1621), (928, 1621), (929, 1621), (930, 1621), (931, 1621), (932, 1621), (933, 1621), (934, 1621), (935, 1621), (936, 1621), (937, 1621), (938, 1621), (939, 1621), (940, 1621), (940, 1622), (941, 1622), (942, 1622), (943, 1622), (944, 1622), (945, 1622), (946, 1622), (947, 1622), (947, 1623), (948, 1623), (949, 1623), (950, 1623), (951, 1623), (952, 1623), (953, 1623), (954, 1623), (955, 1623), (956, 1623), (956, 1624), (957, 1624), (958, 1624), (959, 1624), (960, 1624), (961, 1624), (962, 1624), (963, 1624), (964, 1624), (965, 1624), (965, 1625), (966, 1625), (967, 1625), (968, 1625), (969, 1625), (970, 1625), (971, 1625), (972, 1625), (972, 1626), (973, 1626), (974, 1626), (975, 1626), (976, 1626), (977, 1626), (977, 1627), (978, 1627), (979, 1627), (980, 1627), (980, 1628), (981, 1628), (982, 1628), (983, 1628), (983, 1629), (984, 1629), (985, 1629), (986, 1629), (986, 1630), (987, 1630), (988, 1630), (989, 1630), (989, 1631), (990, 1631), (991, 1631), (991, 1632), (992, 1632), (993, 1632), (993, 1633), (994, 1633), (995, 1633), (996, 1633), (996, 1634), (997, 1634), (998, 1634), (999, 1634), (999, 1635), (1000, 1635), (1001, 1635), (1002, 1635), (1003, 1635), (1003, 1636), (1004, 1636), (1005, 1636), (1006, 1636), (1007, 1636), (1007, 1637), (1008, 1637), (1009, 1637), (1010, 1637), (1011, 1637), (1011, 1638), (1012, 1638), (1013, 1638), (1014, 1638), (1015, 1638), (1015, 1639), (1016, 1639), (1017, 1639), (1018, 1639), (1018, 1640), (1019, 1640), (1020, 1640), (1021, 1640), (1022, 1640), (1022, 1641), (1023, 1641), (1024, 1641), (1025, 1641), (1026, 1641), (1026, 1642), (1027, 1642), (1028, 1642), (1029, 1642), (1030, 1642), (1030, 1643), (1031, 1643), (1032, 1643), (1033, 1643), (1034, 1643), (1035, 1643), (1035, 1644), (1036, 1644), (1037, 1644), (1038, 1644), (1039, 1644), (1040, 1644), (1041, 1644), (1041, 1645), (1042, 1645), (1043, 1645), (1044, 1645), (1045, 1645), (1046, 1645), (1047, 1645), (1048, 1645), (1049, 1645), (1050, 1645), (1050, 1646), (1051, 1646), (1052, 1646), (1053, 1646), (1054, 1646), (1055, 1646), (1056, 1646), (1057, 1646), (1057, 1647),
(1058, 1647), (1059, 1647), (1060, 1647), (1061, 1647), (1062, 1647), (1063, 1647), (1064, 1647), (1065, 1647), (1066, 1647), (1067, 1647), (1068, 1647), (1068, 1648), (1069, 1648), (1070, 1648), (1071, 1648), (1072, 1648), (1073, 1648), (1074, 1648), (1075, 1648), (1076, 1648), (1077, 1648), (1077, 1649), (1078, 1649), (1079, 1649), (1080, 1649), (1081, 1649), (1082, 1649), (1083, 1649), (1084, 1649), (1084, 1650), (1085, 1650), (1086, 1650), (1087, 1650), (1088, 1650), (1089, 1650), (1090, 1650), (1091, 1650), (1091, 1651), (1092, 1651), (1093, 1651), (1094, 1651), (1095, 1651), (1096, 1651), (1097, 1651), (1098, 1651), (1099, 1651), (1099, 1652), (1100, 1652), (1101, 1652), (1102, 1652), (1103, 1652), (1104, 1652), (1105, 1652), (1106, 1652), (1107, 1652), (1108, 1652), (1108, 1653), (1109, 1653), (1110, 1653), (1111, 1653), (1112, 1653), (1113, 1653), (1114, 1653), (1115, 1653), (1116, 1653), (1117, 1653), (1118, 1653), (1119, 1653), (1119, 1654), (1120, 1654), (1121, 1654), (1122, 1654), (1123, 1654), (1124, 1654), (1125, 1654), (1126, 1654), (1127, 1654), (1128, 1654), (1129, 1654), (1130, 1654), (1131, 1654), (1132, 1654), (1133, 1654), (1133, 1655), (1134, 1655), (1135, 1655), (1136, 1655), (1137, 1655), (1138, 1655), (1139, 1655), (1140, 1655), (1141, 1655), (1142, 1655), (1143, 1655), (1144, 1655), (1145, 1655), (1146, 1655), (1147, 1655), (1148, 1655), (1149, 1655), (1150,
1655), (1151, 1655), (1152, 1655), (1153, 1654), (1153, 1655), (1154, 1654), (1155, 1654), (1156, 1654), (1157, 1654), (1158, 1654), (1159, 1654), (1160, 1654), (1161, 1654), (1162, 1654), (1163, 1654), (1164, 1654), (1165, 1654), (1166, 1654), (1167, 1654), (1168, 1654), (1169, 1654), (1170, 1654), (1171, 1654), (1172, 1654), (1173, 1654), (1174, 1654), (1175, 1654), (1176, 1654), (1177, 1654), (1178, 1654), (1179, 1654), (1180, 1654), (1181, 1654), (1182, 1654), (1183, 1654), (1184, 1654), (1185, 1654), (1186, 1654), (1187, 1654), (1188, 1654), (1189, 1654), (1190, 1654), (1191, 1654), (1192, 1654), (1193, 1654), (1194, 1654), (1195, 1653), (1195, 1654), (1196, 1653), (1197, 1653), (1198, 1653), (1199, 1653), (1200, 1653), (1201, 1653), (1202, 1653), (1203, 1653), (1204, 1653), (1205, 1653), (1206, 1653), (1207, 1653), (1208, 1653), (1209, 1652), (1209, 1653), (1210, 1652), (1211, 1652), (1212, 1652), (1213, 1652), (1214, 1652), (1215, 1652), (1216, 1652), (1217, 1652), (1218, 1652), (1219, 1652), (1220, 1651), (1220, 1652), (1221, 1651), (1222, 1651), (1223, 1651), (1224, 1651), (1225, 1651), (1226, 1651), (1227, 1651), (1228, 1651), (1229, 1651), (1230, 1651), (1231, 1651), (1232, 1651), (1233, 1651), (1234, 1651), (1235, 1651), (1236, 1651), (1237, 1651), (1238, 1651), (1239, 1650), (1239, 1651), (1240, 1650), (1241, 1650), (1242, 1650), (1243, 1650), (1244, 1650), (1245, 1650),
(1246, 1650), (1247, 1650), (1248, 1650), (1249, 1650), (1250, 1650), (1251, 1650), (1252, 1650), (1253, 1650), (1254, 1650), (1255, 1649), (1255, 1650), (1256, 1649), (1257, 1649), (1258, 1649), (1259, 1649), (1260, 1649), (1261, 1649), (1262, 1649), (1263, 1649), (1264, 1649), (1265, 1649), (1266, 1649), (1267, 1649), (1268, 1649), (1269, 1648), (1269, 1649), (1270, 1648), (1271, 1648), (1272, 1648), (1273, 1648), (1274, 1648), (1275, 1648), (1276, 1648), (1277, 1648), (1278, 1648), (1279, 1648), (1280, 1648), (1281, 1648), (1282, 1647), (1282, 1648), (1283, 1647), (1284, 1647), (1285, 1647), (1286, 1647), (1287, 1647), (1288, 1647), (1289, 1647), (1290, 1647), (1291, 1647), (1292, 1646), (1292, 1647), (1293, 1646), (1294, 1646), (1295, 1646), (1296, 1646), (1297, 1646), (1298, 1646), (1299, 1646), (1300, 1646), (1301, 1645), (1301, 1646), (1302, 1645), (1303, 1645), (1304, 1645), (1305, 1645), (1306, 1645), (1307, 1645), (1308, 1645), (1309, 1645), (1310, 1645), (1311, 1645), (1312, 1645), (1313, 1645), (1314, 1644), (1314, 1645), (1315, 1644), (1316, 1644), (1317, 1644), (1318, 1644), (1319, 1643), (1319, 1644), (1320, 1643), (1321, 1643), (1322, 1643), (1323, 1642), (1323, 1643), (1324, 1642), (1325, 1642), (1326, 1642), (1327, 1641), (1327, 1642), (1328, 1641), (1329, 1641), (1330, 1641), (1331, 1641), (1332, 1641), (1333, 1641), (1334, 1641), (1335, 1641), (1336, 1641), (1337,
1641), (1338, 1641), (1339, 1641), (1340, 1641), (1341, 1641), (1341, 1642), (1342, 1642), (1343, 1642), (1344, 1642), (1345, 1642), (1346, 1642), (1347, 1642), (1348, 1642), (1348, 1643), (1349, 1643), (1350, 1643), (1351, 1643), (1352, 1643), (1353, 1643), (1354, 1643), (1355, 1643), (1356, 1643), (1357, 1643), (1358, 1643), (1359, 1643), (1360, 1643), (1361, 1643), (1362, 1643), (1363, 1643), (1364, 1643), (1365, 1643), (1366, 1643), (1367, 1643), (1368, 1643), (1369, 1643), (1370, 1643), (1371, 1643), (1372, 1643), (1373, 1643), (1374, 1643), (1375, 1643), (1375, 1644), (1376, 1644), (1377, 1644), (1378, 1644), (1379, 1644), (1380, 1644), (1381, 1644), (1381, 1645), (1382, 1645), (1383, 1645), (1384, 1645), (1385, 1645), (1386, 1645), (1386, 1646), (1387, 1646), (1388, 1646), (1389, 1646), (1390, 1646), (1390, 1647), (1391, 1647), (1392, 1647), (1393, 1647), (1393, 1648), (1394, 1648), (1395, 1648), (1396, 1648), (1397, 1648), (1397, 1649), (1398, 1649), (1399, 1649), (1399, 1650), (1400, 1650), (1401, 1650), (1402, 1650), (1402, 1651), (1403, 1651), (1404, 1651), (1405, 1651), (1405, 1652), (1406, 1652), (1407, 1652), (1408, 1652), (1408, 1653), (1409, 1653), (1410, 1653), (1410, 1654), (1411, 1654), (1412, 1654), (1413, 1654), (1413, 1655), (1414, 1655), (1415, 1655), (1416, 1655), (1416, 1656), (1417, 1656), (1418, 1656), (1419, 1656), (1419, 1657), (1420, 1657), (1421, 1657),
(1422, 1657), (1422, 1658), (1423, 1658), (1424, 1658), (1425, 1658), (1425, 1659), (1426, 1659), (1427, 1659), (1428, 1659), (1429, 1659), (1429, 1660), (1430, 1660), (1431, 1660), (1432, 1660), (1433, 1660), (1434, 1660), (1434, 1661), (1435, 1661), (1436, 1661), (1437, 1661), (1438, 1661), (1439, 1661), (1439, 1662), (1440, 1662), (1441, 1662), (1442, 1662), (1443, 1662), (1444, 1662), (1445, 1662), (1446, 1662), (1446, 1663), (1447, 1663), (1448, 1663), (1449, 1663), (1450, 1663), (1451, 1663), (1452, 1663), (1453, 1663), (1454, 1663), (1455, 1663), (1456, 1663), (1457, 1663), (1458, 1663), (1459, 1663), (1460, 1663), (1461, 1663), (1462, 1663), (1463, 1663), (1463, 1664), (1464, 1664), (1465, 1664), (1466, 1664), (1467, 1664), (1468, 1664), (1469, 1663), (1469, 1664), (1470, 1663), (1471, 1663), (1472, 1663), (1473, 1663), (1474, 1663), (1475, 1663), (1476, 1663), (1477, 1663), (1478, 1663), (1479, 1663), (1480, 1663), (1481, 1663), (1482, 1663), (1483, 1663), (1484, 1663), (1485, 1663), (1486, 1663), (1487, 1663), (1488, 1663), (1489, 1663), (1490, 1663), (1491, 1663), (1492, 1663), (1493, 1663), (1494, 1663), (1495, 1663), (1496, 1663), (1497, 1662), (1497, 1663), (1498, 1662), (1499, 1662), (1500, 1662), (1501, 1662), (1502, 1662), (1503, 1662), (1504, 1662), (1505, 1662), (1506, 1662), (1507, 1662), (1508, 1662), (1509, 1662), (1510, 1662), (1511, 1661), (1511, 1662), (1512,
1661), (1513, 1661), (1514, 1661), (1515, 1661), (1516, 1661), (1517, 1661), (1518, 1661), (1519, 1661), (1520, 1661), (1521, 1661), (1522, 1661), (1523, 1661), (1524, 1661), (1525, 1661), (1526, 1661), (1527, 1660), (1527, 1661), (1528, 1660), (1529, 1660), (1530, 1660), (1531, 1660), (1532, 1660), (1533, 1660), (1534, 1660), (1535, 1660), (1536, 1660), (1537, 1660), (1538, 1660), (1539, 1660), (1540, 1660), (1541, 1660), (1542, 1660), (1543, 1660), (1544, 1660), (1545, 1660), (1546, 1660), (1547, 1659), (1547, 1660), (1548, 1659), (1549, 1659), (1550, 1659), (1551, 1659), (1552, 1659), (1553, 1659), (1554, 1659), (1555, 1659), (1556, 1659), (1557, 1659), (1558, 1659), (1559, 1659), (1560, 1659), (1561, 1658), (1561, 1659), (1562, 1658), (1563, 1658), (1564, 1658), (1565, 1658), (1566, 1658), (1567, 1658), (1568, 1658), (1569, 1658), (1570, 1658), (1571, 1658), (1572, 1658), (1573, 1657), (1573, 1658), (1574, 1657), (1575, 1657), (1576, 1657), (1577, 1657), (1578, 1657), (1579, 1657), (1580, 1657), (1581, 1657), (1582, 1657), (1583, 1657), (1584, 1656), (1584, 1657), (1585, 1656), (1586, 1656), (1587, 1656), (1588, 1656), (1589, 1656), (1590, 1656), (1591, 1656), (1592, 1656), (1593, 1656), (1594, 1656), (1595, 1656), (1596, 1656), (1597, 1656), (1598, 1656), (1599, 1656), (1600, 1656), (1601, 1656), (1602, 1655), (1602, 1656), (1603, 1655), (1604, 1655), (1605, 1655), (1606, 1655),
(1607, 1655), (1608, 1655), (1609, 1655), (1610, 1655), (1611, 1655), (1612, 1655), (1613, 1655), (1614, 1655), (1615, 1655), (1616, 1655), (1617, 1655), (1618, 1655), (1619, 1655), (1620, 1655), (1621, 1655), (1622, 1655), (1623, 1655), (1624, 1655), (1625, 1655), (1626, 1655), (1627, 1655), (1628, 1655), (1629, 1655), (1630, 1655), (1631, 1655), (1632, 1655), (1632, 1656), (1633, 1656), (1634, 1656), (1635, 1656), (1636, 1656), (1637, 1656), (1638, 1656), (1638, 1657), (1639, 1657), (1640, 1657), (1641, 1657), (1641, 1658), (1642, 1658), (1643, 1658), (1644, 1658), (1645, 1658), (1645, 1659), (1646, 1659), (1647, 1659), (1648, 1659), (1649, 1659), (1650, 1659), (1651, 1659), (1652, 1659), (1653, 1659), (1653, 1660), (1654, 1660), (1655, 1660), (1656, 1660), (1657, 1660), (1657, 1661), (1658, 1661), (1659, 1661), (1660, 1661), (1661, 1661), (1661, 1662), (1662, 1662), (1663, 1662), (1664, 1662), (1665, 1662), (1666, 1662), (1667, 1662), (1668, 1662), (1669, 1662), (1670, 1662), (1671, 1662), (1672, 1662), (1673, 1662), (1673, 1663), (1674, 1663), (1675, 1663), (1676, 1663), (1677, 1663), (1678, 1663), (1679, 1663), (1680, 1663), (1681, 1663), (1681, 1664), (1682, 1664), (1683, 1664), (1684, 1664), (1685, 1664), (1686, 1664), (1687, 1664), (1688, 1664), (1689, 1664), (1689, 1665), (1690, 1665), (1691, 1665), (1691, 1666), (1692, 1666), (1693, 1666), (1693, 1667), (1694, 1667), (1695,
1667), (1695, 1668), (1696, 1668), (1697, 1668), (1697, 1669), (1698, 1669), (1699, 1669), (1699, 1670), (1700, 1670), (1701, 1670), (1701, 1671), (1702, 1671), (1703, 1671), (1703, 1672), (1704, 1672), (1705, 1672), (1705, 1673), (1706, 1673), (1707, 1673), (1708, 1673), (1708, 1674), (1709, 1674), (1709, 1675), (1710, 1675), (1711, 1675), (1711, 1676), (1712, 1676), (1713, 1676), (1713, 1677), (1714, 1677), (1714, 1678), (1715, 1678), (1715, 1679), (1716, 1679), (1716, 1680), (1717, 1680), (1718, 1680), (1718, 1681), (1719, 1681), (1719, 1682), (1720, 1682), (1720, 1683), (1721, 1683), (1721, 1684), (1722, 1684), (1722, 1685), (1723, 1685), (1723, 1686), (1724, 1686), (1724, 1687), (1725, 1687), (1725, 1688), (1726, 1688), (1726, 1689), (1727, 1689), (1727, 1690), (1728, 1690), (1728, 1691), (1729, 1691), (1730, 1691), (1730, 1692), (1731, 1692), (1731, 1693), (1732, 1693), (1732, 1694), (1733, 1694), (1733, 1695), (1734, 1695), (1735, 1695), (1735, 1696), (1736, 1696), (1737, 1696), (1737, 1697), (1738, 1697), (1739, 1697), (1739, 1698), (1740, 1698), (1741, 1698), (1741, 1699), (1742, 1699), (1743, 1699), (1744, 1699), (1745, 1699), (1746, 1699), (1747, 1698), (1747, 1699), (1748, 1698), (1749, 1698), (1750, 1698), (1751, 1698), (1752, 1697), (1752, 1698), (1753, 1697), (1754, 1697), (1755, 1697), (1756, 1695), (1757, 1694), (1757, 1695), (1758, 1694), (1758, 1693), (1759, 1692),
(1759, 1693), (1760, 1692), (1761, 1691), (1762, 1691), (1762, 1690), (1763, 1688), (1764, 1686), (1764, 1685), (1765, 1683), (1765, 1682), (1766, 1680), (1766, 1679), (1767, 1677), (1767, 1676), (1768, 1675), (1768, 1676), (1769, 1675), (1769, 1674), (1769, 1673), (1769, 1672), (1769, 1671), (1769, 1670), (1769, 1669), (1769, 1668), (1769, 1667), (1769, 1666), (1769, 1665), (1768, 1664), (1768, 1663), (1768, 1662), (1768, 1661), (1768, 1660), (1768, 1659), (1768, 1658), (1768, 1657), (1768, 1656), (1768, 1655), (1768, 1654), (1767, 1653), (1767, 1652), (1767, 1651), (1766, 1650), (1766, 1649), (1766, 1648), (1766, 1647), (1766, 1646), (1766, 1645), (1766, 1644), (1766, 1643), (1766, 1642), (1766, 1641), (1766, 1640), (1765, 1639), (1765, 1638), (1765, 1637), (1764, 1636), (1764, 1635), (1764, 1634), (1764, 1633), (1764, 1632), (1764, 1631), (1763, 1630), (1763, 1629), (1762, 1628), (1761, 1627), (1761, 1626), (1760, 1625), (1760, 1624), (1759, 1623), (1759, 1622), (1759, 1621), (1759, 1620), (1758, 1619), (1758, 1618), (1757, 1617), (1756, 1616), (1755, 1615), (1755, 1614), (1754, 1613), (1753, 1612), (1752, 1611), (1751, 1610), (1750, 1610), (1749, 1609), (1748, 1609), (1747, 1609), (1746, 1610), (1745, 1610), (1744, 1610), (1743, 1610), (1742, 1610), (1741, 1610), (1740, 1610), (1739, 1610), (1738, 1610), (1737, 1610), (1736, 1610), (1735, 1610), (1734, 1609), (1733, 1609), (1732,
1609), (1731, 1609), (1730, 1609), (1729, 1609), (1728, 1609), (1727, 1609), (1726, 1609), (1725, 1609), (1724, 1609), (1723, 1609), (1722, 1609), (1721, 1609), (1720, 1608), (1719, 1608), (1718, 1607), (1717, 1607), (1716, 1607), (1715, 1607), (1714, 1607), (1713, 1606), (1712, 1606), (1711, 1606), (1710, 1605), (1709, 1605), (1708, 1605), (1707, 1605), (1706, 1605), (1705, 1605), (1704, 1605), (1703, 1605), (1702, 1605), (1701, 1605), (1700, 1605), (1699, 1605), (1698, 1605), (1697, 1605), (1696, 1605), (1695, 1605), (1694, 1605), (1693, 1605), (1692, 1604), (1691, 1604), (1690, 1604), (1689, 1604), (1688, 1604), (1687, 1604), (1686, 1603), (1685, 1603), (1684, 1603), (1683, 1603), (1682, 1603), (1681, 1602), (1680, 1602), (1679, 1602), (1678, 1602), (1677, 1602), (1676, 1602), (1675, 1601), (1674, 1601), (1673, 1601), (1672, 1601), (1671, 1601), (1670, 1601), (1669, 1600), (1668, 1600), (1667, 1600), (1666, 1600), (1665, 1600), (1664, 1600), (1663, 1600), (1662, 1600), (1661, 1600), (1660, 1600), (1659, 1600), (1658, 1601), (1657, 1601), (1656, 1601), (1655, 1601), (1654, 1601), (1653, 1601), (1652, 1601), (1651, 1601), (1650, 1601), (1649, 1602), (1648, 1602), (1647, 1602), (1646, 1602), (1645, 1602), (1644, 1602), (1643, 1602), (1642, 1602), (1641, 1602), (1640, 1602), (1639, 1602), (1638, 1602), (1637, 1602), (1636, 1602), (1635, 1602), (1634, 1602), (1633, 1602), (1632, 1602),
(1631, 1602), (1630, 1602), (1629, 1602), (1628, 1602), (1627, 1602), (1626, 1602), (1625, 1602), (1624, 1602), (1623, 1601), (1622, 1601), (1621, 1601), (1620, 1601), (1619, 1601), (1618, 1601), (1617, 1601), (1616, 1600), (1615, 1600), (1614, 1600), (1613, 1600), (1612, 1600), (1611, 1599), (1610, 1599), (1609, 1599), (1608, 1599), (1607, 1599), (1606, 1599), (1605, 1598), (1604, 1598), (1603, 1598), (1602, 1598), (1601, 1597), (1600, 1597), (1599, 1597), (1598, 1597), (1597, 1597), (1596, 1596), (1595, 1596), (1594, 1596), (1593, 1596), (1592, 1595), (1591, 1595), (1590, 1595), (1589, 1595), (1588, 1594), (1587, 1594), (1586, 1594), (1585, 1594), (1584, 1594), (1583, 1593), (1582, 1593), (1581, 1593), (1580, 1593), (1579, 1592), (1578, 1592), (1577, 1592), (1576, 1591), (1575, 1591), (1574, 1591), (1573, 1591), (1572, 1591), (1571, 1590), (1570, 1590), (1569, 1590), (1568, 1590), (1567, 1590), (1566, 1589), (1565, 1589), (1564, 1589), (1563, 1589), (1562, 1588), (1561, 1588), (1560, 1588), (1559, 1587), (1558, 1587), (1557, 1587), (1556, 1587), (1555, 1586), (1554, 1586), (1553, 1586), (1552, 1585), (1551, 1585), (1550, 1585), (1549, 1584), (1548, 1584), (1547, 1583), (1546, 1583), (1545, 1583), (1544, 1582), (1543, 1582), (1542, 1581), (1541, 1581), (1540, 1580), (1539, 1580), (1538, 1579), (1537, 1579), (1536, 1578), (1535, 1578), (1534, 1577), (1533, 1577), (1532, 1576), (1531,
1576), (1530, 1576), (1529, 1575), (1528, 1575), (1527, 1574), (1526, 1574), (1525, 1573), (1524, 1573), (1523, 1572), (1522, 1572), (1521, 1572), (1520, 1571), (1519, 1571), (1518, 1571), (1517, 1570), (1516, 1570), (1515, 1569), (1514, 1569), (1513, 1568), (1512, 1568), (1511, 1568), (1510, 1567), (1509, 1567), (1508, 1567), (1507, 1566), (1506, 1566), (1505, 1566), (1504, 1566), (1503, 1565), (1502, 1565), (1501, 1565), (1500, 1565), (1499, 1564), (1498, 1564), (1497, 1564), (1496, 1564), (1495, 1564), (1494, 1564), (1493, 1563), (1492, 1563), (1491, 1563), (1490, 1563), (1489, 1563), (1488, 1563), (1487, 1563), (1486, 1562), (1485, 1562), (1484, 1562), (1483, 1562), (1482, 1562), (1481, 1562), (1480, 1562), (1479, 1562), (1478, 1562), (1477, 1562), (1476, 1562), (1475, 1562), (1474, 1562), (1473, 1562), (1472, 1562), (1471, 1562), (1470, 1562), (1469, 1562), (1468, 1562), (1467, 1562), (1466, 1562), (1465, 1562), (1464, 1562), (1463, 1562), (1462, 1562), (1461, 1562), (1460, 1562), (1459, 1562), (1458, 1562), (1457, 1562), (1456, 1562), (1455, 1562), (1454, 1562), (1453, 1562), (1452, 1562), (1451, 1562), (1450, 1563), (1449, 1563), (1448, 1563), (1447, 1563), (1446, 1563), (1445, 1563), (1444, 1563), (1443, 1563), (1442, 1563), (1441, 1563), (1440, 1563), (1439, 1563), (1438, 1563), (1437, 1563), (1436, 1563), (1435, 1563), (1434, 1563), (1433, 1564), (1432, 1564), (1431, 1564),
(1430, 1564), (1429, 1564), (1428, 1564), (1427, 1564), (1426, 1564), (1425, 1564), (1424, 1564), (1423, 1564), (1422, 1564), (1421, 1564), (1420, 1564), (1419, 1564), (1418, 1564), (1417, 1564), (1416, 1564), (1415, 1564), (1414, 1564), (1413, 1564), (1412, 1564), (1411, 1564), (1410, 1564), (1409, 1564), (1408, 1563), (1407, 1563), (1406, 1563), (1405, 1563), (1404, 1563), (1403, 1562), (1402, 1562), (1401, 1562), (1400, 1562), (1399, 1561), (1398, 1561), (1397, 1561), (1396, 1561), (1395, 1560), (1394, 1560), (1393, 1560), (1392, 1559), (1391, 1559), (1390, 1558), (1389, 1558), (1388, 1558), (1387, 1557), (1386, 1557), (1385, 1556), (1384, 1556), (1383, 1555), (1382, 1555), (1381, 1555), (1380, 1554), (1379, 1554), (1378, 1554), (1377, 1553), (1376, 1553), (1375, 1552), (1374, 1552), (1373, 1552), (1372, 1551), (1371, 1551), (1370, 1550), (1369, 1550), (1368, 1550), (1367, 1550), (1366, 1549), (1365, 1549), (1364, 1549), (1363, 1548), (1362, 1548), (1361, 1548), (1360, 1547), (1359, 1547), (1358, 1547), (1357, 1547), (1356, 1546), (1355, 1546), (1354, 1546), (1353, 1546), (1352, 1546), (1351, 1545), (1350, 1545), (1349, 1545), (1348, 1545), (1347, 1545), (1346, 1544), (1345, 1544), (1344, 1544), (1343, 1544), (1342, 1543), (1341, 1543), (1340, 1543), (1339, 1543), (1338, 1543), (1337, 1543), (1336, 1543), (1335, 1542), (1334, 1542), (1333, 1542), (1332, 1542), (1331, 1542), (1330,
1542), (1329, 1542), (1328, 1542), (1327, 1541), (1326, 1541), (1325, 1541), (1324, 1541), (1323, 1541), (1322, 1541), (1321, 1541), (1320, 1540), (1319, 1540), (1318, 1540), (1317, 1540), (1316, 1540), (1315, 1540), (1314, 1540), (1313, 1539), (1312, 1539), (1311, 1539), (1310, 1539), (1309, 1539), (1308, 1539), (1307, 1539), (1306, 1538), (1305, 1538), (1304, 1538), (1303, 1538), (1302, 1538), (1301, 1538), (1300, 1538), (1299, 1538), (1298, 1537), (1297, 1537), (1296, 1537), (1295, 1537), (1294, 1537), (1293, 1537), (1292, 1537), (1291, 1536), (1290, 1536), (1289, 1536), (1288, 1536), (1287, 1536), (1286, 1536), (1285, 1535), (1284, 1535), (1283, 1535), (1282, 1535), (1281, 1535), (1280, 1535), (1279, 1534), (1278, 1534), (1277, 1534), (1276, 1534), (1275, 1534), (1274, 1533), (1273, 1533), (1272, 1533), (1271, 1533), (1270, 1532), (1269, 1532), (1268, 1532), (1267, 1532), (1266, 1532), (1265, 1531), (1264, 1531), (1263, 1531), (1262, 1531), (1261, 1530), (1260, 1530), (1259, 1530), (1258, 1529), (1257, 1529), (1256, 1529), (1255, 1528), (1254, 1528), (1253, 1528), (1252, 1527), (1251, 1527), (1250, 1527), (1249, 1526), (1248, 1526), (1247, 1526), (1246, 1525), (1245, 1525), (1244, 1524), (1243, 1524), (1242, 1524), (1241, 1523), (1240, 1523), (1239, 1522), (1238, 1522), (1237, 1521), (1236, 1521), (1235, 1520), (1234, 1520), (1233, 1519), (1232, 1519), (1231, 1519), (1230, 1518),
(1229, 1518), (1228, 1517), (1227, 1517), (1226, 1516), (1225, 1516), (1224, 1515), (1223, 1515), (1222, 1514), (1221, 1514), (1220, 1513), (1219, 1513), (1218, 1513), (1217, 1512), (1216, 1512), (1215, 1511), (1214, 1511), (1213, 1510), (1212, 1510), (1211, 1510), (1210, 1509), (1209, 1509), (1208, 1509), (1207, 1508), (1206, 1508), (1205, 1508), (1204, 1507), (1203, 1507), (1202, 1507), (1201, 1506), (1200, 1506), (1199, 1505), (1198, 1505), (1197, 1505), (1196, 1505), (1196, 1504), (1196, 1503), (1197, 1503), (1198, 1503), (1199, 1502), (1199, 1503), (1200, 1502), (1200, 1501), (1201, 1500), (1201, 1501), (1202, 1500), (1203, 1500), (1203, 1501), (1204, 1500), (1204, 1499), (1205, 1499), (1206, 1498), (1206, 1499), (1207, 1498), (1208, 1497), (1208, 1498), (1209, 1497), (1209, 1496), (1210, 1496), (1211, 1495), (1211, 1496), (1212, 1495), (1213, 1494), (1213, 1495), (1214, 1494), (1215, 1493), (1215, 1494), (1216, 1493), (1217, 1493), (1218, 1492), (1218, 1493), (1219, 1492), (1220, 1492), (1221, 1492), (1222, 1491), (1222, 1492), (1223, 1491), (1224, 1491), (1225, 1491), (1226, 1491), (1227, 1490), (1227, 1491), (1228, 1490), (1229, 1490), (1230, 1490), (1231, 1489), (1231, 1490), (1232, 1489), (1233, 1489), (1234, 1488), (1234, 1489), (1235, 1488), (1236, 1488), (1237, 1487), (1237, 1488), (1238, 1487), (1239, 1487), (1240, 1486), (1240, 1487), (1241, 1486), (1242, 1486), (1243,
1485), (1243, 1486), (1244, 1485), (1245, 1485), (1246, 1484), (1246, 1485), (1247, 1484), (1248, 1484), (1249, 1483), (1249, 1484), (1250, 1483), (1251, 1483), (1252, 1482), (1252, 1483), (1253, 1482), (1254, 1482), (1255, 1482), (1256, 1481), (1256, 1482), (1257, 1481), (1258, 1481), (1259, 1480), (1259, 1481), (1260, 1480), (1261, 1480), (1262, 1479), (1262, 1480), (1263, 1479), (1264, 1479), (1265, 1479), (1266, 1478), (1266, 1479), (1267, 1478), (1268, 1478), (1269, 1477), (1269, 1478), (1270, 1477), (1271, 1477), (1272, 1477), (1273, 1476), (1273, 1477), (1274, 1476), (1275, 1476), (1276, 1476), (1277, 1475), (1277, 1476), (1278, 1475), (1279, 1475), (1280, 1475), (1281, 1475), (1282, 1474), (1282, 1475), (1283, 1474), (1284, 1474), (1285, 1474), (1286, 1474), (1287, 1474), (1288, 1474), (1289, 1473), (1289, 1474), (1290, 1473), (1291, 1473), (1292, 1473), (1293, 1473), (1294, 1473), (1295, 1472), (1295, 1473), (1296, 1472), (1297, 1472), (1298, 1472), (1299, 1472), (1300, 1472), (1301, 1471), (1301, 1472), (1302, 1471), (1303, 1471), (1304, 1471), (1305, 1471), (1306, 1471), (1307, 1470), (1307, 1471), (1308, 1470), (1309, 1470), (1310, 1470), (1311, 1470), (1312, 1469), (1312, 1470), (1313, 1469), (1314, 1469), (1315, 1469), (1316, 1469), (1317, 1468), (1317, 1469), (1318, 1468), (1319, 1468), (1320, 1468), (1321, 1468), (1322, 1468), (1323, 1467), (1323, 1468), (1324, 1467),
(1325, 1467), (1326, 1467), (1327, 1467), (1328, 1467), (1329, 1466), (1329, 1467), (1330, 1466), (1331, 1466), (1332, 1466), (1333, 1466), (1334, 1466), (1335, 1465), (1335, 1466), (1336, 1465), (1337, 1465), (1338, 1465), (1339, 1465), (1340, 1465), (1341, 1464), (1341, 1465), (1342, 1464), (1343, 1464), (1344, 1464), (1345, 1464), (1346, 1464), (1347, 1463), (1347, 1464), (1348, 1463), (1349, 1463), (1350, 1463), (1351, 1462), (1351, 1463), (1352, 1462), (1353, 1462), (1354, 1462), (1355, 1462), (1356, 1461), (1356, 1462), (1357, 1461), (1358, 1461), (1359, 1461), (1360, 1460), (1360, 1461), (1361, 1460), (1362, 1460), (1363, 1460), (1364, 1459), (1364, 1460), (1365, 1459), (1366, 1459), (1367, 1458), (1367, 1459), (1368, 1458), (1369, 1458), (1370, 1457), (1370, 1458), (1371, 1457), (1372, 1456), (1372, 1457), (1373, 1456), (1374, 1456), (1375, 1455), (1375, 1456), (1376, 1455), (1377, 1455), (1378, 1454), (1378, 1455), (1379, 1454), (1380, 1453), (1380, 1454), (1381, 1453), (1382, 1453), (1383, 1452), (1383, 1453), (1384, 1452), (1385, 1451), (1385, 1452), (1386, 1451), (1387, 1450), (1387, 1451), (1388, 1450), (1389, 1450), (1390, 1449), (1390, 1450), (1391, 1449), (1392, 1448), (1392, 1449), (1393, 1448), (1394, 1448), (1395, 1447), (1395, 1448), (1396, 1447), (1397, 1447), (1398, 1446), (1398, 1447), (1399, 1446), (1400, 1445), (1400, 1446), (1401, 1445), (1402, 1445), (1403,
1444), (1403, 1445), (1404, 1444), (1405, 1444), (1406, 1443), (1406, 1444), (1407, 1443), (1408, 1443), (1409, 1442), (1409, 1443), (1410, 1442), (1411, 1442), (1412, 1442), (1413, 1441), (1413, 1442), (1414, 1441), (1415, 1441), (1416, 1441), (1417, 1440), (1417, 1441), (1418, 1440), (1419, 1440), (1420, 1440), (1421, 1439), (1421, 1440), (1422, 1439), (1423, 1439), (1424, 1439), (1425, 1439), (1426, 1439), (1427, 1439), (1428, 1439), (1429, 1439), (1430, 1439), (1431, 1439), (1432, 1439), (1433, 1439), (1434, 1439), (1435, 1439), (1436, 1439), (1437, 1439), (1438, 1439), (1439, 1439), (1440, 1439), (1441, 1439), (1442, 1439), (1443, 1439), (1444, 1439), (1445, 1439), (1446, 1439), (1447, 1439), (1448, 1439), (1449, 1439), (1450, 1439), (1451, 1439), (1452, 1439), (1453, 1439), (1454, 1439), (1455, 1439), (1456, 1439), (1456, 1440), (1457, 1440), (1458, 1440), (1459, 1440), (1460, 1440), (1461, 1440), (1462, 1440), (1463, 1440), (1464, 1440), (1465, 1440), (1466, 1440), (1467, 1440), (1468, 1440), (1469, 1440), (1470, 1440), (1471, 1440), (1472, 1440), (1473, 1440), (1474, 1440), (1475, 1440), (1476, 1440), (1477, 1440), (1478, 1440), (1479, 1440), (1480, 1440), (1481, 1440), (1482, 1440), (1483, 1440), (1484, 1440), (1485, 1440), (1486, 1440), (1487, 1440), (1488, 1440), (1489, 1440), (1489, 1441), (1490, 1441), (1491, 1441), (1492, 1441), (1493, 1441), (1494, 1440), (1494, 1441),
(1495, 1440), (1496, 1440), (1497, 1440), (1498, 1440), (1499, 1440), (1500, 1440), (1501, 1440), (1502, 1440), (1503, 1440), (1504, 1440), (1505, 1439), (1505, 1440), (1506, 1439), (1507, 1439), (1508, 1439), (1509, 1438), (1509, 1439), (1510, 1438), (1511, 1438), (1512, 1438), (1513, 1438), (1514, 1437), (1514, 1438), (1515, 1437), (1516, 1437), (1517, 1437), (1518, 1436), (1518, 1437), (1519, 1436), (1520, 1436), (1521, 1435), (1521, 1436), (1522, 1435), (1523, 1435), (1524, 1435), (1525, 1434), (1525, 1435), (1526, 1434), (1527, 1434), (1528, 1433), (1528, 1434), (1529, 1433), (1530, 1433), (1531, 1432), (1531, 1433), (1532, 1432), (1533, 1432), (1534, 1431), (1534, 1432), (1535, 1431), (1536, 1431), (1537, 1431), (1538, 1430), (1538, 1431), (1539, 1430), (1540, 1430), (1541, 1429), (1541, 1430), (1542, 1429), (1543, 1429), (1544, 1428), (1544, 1429), (1545, 1428), (1546, 1428), (1547, 1427), (1547, 1428), (1548, 1427), (1549, 1427), (1550, 1426), (1550, 1427), (1551, 1426), (1552, 1425), (1552, 1426), (1553, 1425), (1554, 1425), (1555, 1424), (1555, 1425), (1556, 1424), (1557, 1424), (1558, 1423), (1558, 1424), (1559, 1423), (1560, 1423), (1561, 1422), (1561, 1423), (1562, 1422), (1563, 1422), (1564, 1422), (1565, 1421), (1565, 1422), (1566, 1421), (1567, 1421), (1568, 1421), (1569, 1420), (1569, 1421), (1570, 1420), (1571, 1420), (1572, 1419), (1572, 1420), (1573, 1419), (1574,
1419), (1575, 1419), (1576, 1418), (1576, 1419), (1577, 1418), (1578, 1418), (1579, 1417), (1579, 1418), (1580, 1417), (1581, 1417), (1582, 1417), (1583, 1416), (1583, 1417), (1584, 1416), (1585, 1416), (1586, 1416), (1587, 1415), (1587, 1416), (1588, 1415), (1589, 1415), (1590, 1414), (1590, 1415), (1591, 1414), (1592, 1414), (1593, 1414), (1594, 1413), (1594, 1414), (1595, 1413), (1596, 1413), (1597, 1413), (1598, 1412), (1598, 1413), (1599, 1412), (1600, 1412), (1601, 1412), (1602, 1412), (1603, 1411), (1603, 1412), (1604, 1411), (1605, 1411), (1606, 1411), (1607, 1411), (1608, 1411), (1609, 1411), (1610, 1410), (1610, 1411), (1611, 1410), (1612, 1410), (1613, 1410), (1614, 1410), (1615, 1410), (1616, 1410), (1617, 1410), (1618, 1410), (1619, 1409), (1619, 1410), (1620, 1409), (1621, 1409), (1622, 1409), (1623, 1409), (1624, 1409), (1625, 1409), (1626, 1409), (1627, 1408), (1627, 1409), (1628, 1408), (1629, 1408), (1630, 1408), (1631, 1408), (1632, 1408), (1633, 1408), (1634, 1408), (1635, 1408), (1636, 1408), (1637, 1408), (1638, 1408), (1639, 1408), (1640, 1408), (1641, 1408), (1642, 1408), (1643, 1408), (1644, 1408), (1645, 1408), (1646, 1408), (1647, 1408), (1648, 1408), (1649, 1408), (1650, 1408), (1651, 1408), (1651, 1409), (1652, 1409), (1653, 1409), (1654, 1409), (1655, 1409), (1656, 1409), (1656, 1410), (1657, 1410), (1658, 1410), (1659, 1410), (1660, 1410), (1661, 1410),
(1662, 1410), (1663, 1410), (1663, 1411), (1664, 1411), (1665, 1411), (1666, 1411), (1667, 1410), (1667, 1411), (1668, 1410), (1669, 1410), (1670, 1410), (1671, 1410), (1672, 1410), (1673, 1410), (1674, 1410), (1675, 1409), (1675, 1410), (1676, 1409), (1677, 1409), (1678, 1409), (1679, 1409), (1680, 1409), (1681, 1409), (1682, 1408), (1682, 1409), (1683, 1408), (1684, 1408), (1685, 1408), (1686, 1408), (1687, 1408), (1688, 1408), (1689, 1408), (1690, 1408), (1691, 1408), (1692, 1408), (1693, 1408), (1694, 1408), (1695, 1408), (1696, 1408), (1697, 1408), (1698, 1408), (1699, 1408), (1700, 1408), (1701, 1408), (1702, 1408), (1703, 1408), (1704, 1408), (1705, 1408), (1706, 1408), (1707, 1408), (1708, 1407), (1708, 1408), (1709, 1407), (1710, 1407), (1711, 1407), (1712, 1407), (1713, 1407), (1714, 1406), (1714, 1407), (1715, 1406), (1716, 1406), (1717, 1406), (1718, 1405), (1718, 1406), (1719, 1405), (1720, 1405), (1721, 1404), (1721, 1405), (1722, 1404), (1723, 1404), (1724, 1404), (1725, 1403), (1725, 1404), (1726, 1403), (1727, 1403), (1728, 1403), (1729, 1403), (1730, 1402), (1730, 1403), (1731, 1402), (1732, 1402), (1733, 1402), (1734, 1401), (1734, 1402), (1735, 1401), (1736, 1401), (1737, 1401), (1738, 1401), (1739, 1401), (1739, 1402), (1740, 1401), (1740, 1402), (1741, 1401), (1742, 1400), (1742, 1401), (1743, 1400), (1743, 1399), (1744, 1399), (1745, 1399), (1746, 1398), (1746,
1399), (1747, 1398), (1748, 1398), (1749, 1398), (1750, 1397), (1750, 1398), (1751, 1397), (1752, 1396), (1752, 1397), (1753, 1396), (1753, 1395), (1754, 1394), (1754, 1395), (1755, 1394), (1756, 1393), (1756, 1394), (1757, 1393), (1757, 1392), (1757, 1391), (1757, 1390), (1757, 1389), (1757, 1388), (1757, 1387), (1758, 1385), (1758, 1384), (1758, 1383), (1759, 1381), (1760, 1380), (1760, 1381), (1761, 1380), (1761, 1379), (1761, 1378), (1762, 1377), (1762, 1378), (1763, 1377), (1764, 1376), (1764, 1377), (1765, 1376), (1765, 1375), (1766, 1375), (1767, 1373), (1768, 1372), (1768, 1373), (1769, 1372), (1769, 1371), (1769, 1370), (1769, 1369), (1769, 1368), (1770, 1366), (1770, 1365), (1770, 1364), (1770, 1363), (1770, 1362), (1770, 1361), (1770, 1360), (1770, 1359), (1770, 1358), (1770, 1357), (1770, 1356), (1770, 1355), (1770, 1354), (1770, 1353), (1770, 1352), (1770, 1351), (1770, 1350), (1770, 1349), (1770, 1348), (1769, 1347), (1769, 1346), (1769, 1345), (1768, 1344), (1768, 1343), (1768, 1342), (1768, 1341), (1768, 1340), (1768, 1339), (1768, 1338), (1768, 1337), (1768, 1336), (1768, 1335), (1768, 1334), (1768, 1333), (1768, 1332), (1768, 1331), (1768, 1330), (1768, 1329), (1767, 1328), (1767, 1327), (1767, 1326), (1766, 1325), (1766, 1324), (1765, 1323), (1765, 1322), (1764, 1321), (1764, 1320), (1763, 1319), (1762, 1318), (1761, 1317), (1760, 1317), (1759, 1316), (1758, 1316),
(1757, 1316), (1756, 1316), (1755, 1315), (1754, 1315), (1753, 1315), (1752, 1314), (1751, 1313), (1750, 1313), (1749, 1312), (1748, 1312), (1747, 1312), (1746, 1311), (1745, 1312), (1744, 1312), (1743, 1312), (1742, 1313), (1741, 1313), (1740, 1314), (1739, 1314), (1738, 1315), (1737, 1316), (1736, 1317), (1735, 1318), (1734, 1319), (1733, 1320), (1732, 1320), (1731, 1321), (1730, 1322), (1729, 1323), (1728, 1324), (1727, 1325), (1726, 1326), (1726, 1327), (1725, 1328), (1724, 1329), (1723, 1330), (1722, 1331), (1722, 1332), (1721, 1333), (1720, 1334), (1719, 1334), (1718, 1335), (1717, 1336), (1716, 1337), (1715, 1337), (1714, 1338), (1713, 1339), (1712, 1339), (1711, 1340), (1710, 1340), (1709, 1341), (1708, 1341), (1707, 1342), (1706, 1342), (1705, 1342), (1704, 1343), (1703, 1343), (1702, 1344), (1701, 1344), (1700, 1345), (1699, 1345), (1698, 1346), (1697, 1346), (1696, 1346), (1695, 1347), (1694, 1347), (1693, 1347), (1692, 1348), (1691, 1348), (1690, 1348), (1689, 1348), (1688, 1348), (1687, 1348), (1686, 1349), (1685, 1349), (1684, 1349), (1683, 1349), (1682, 1349), (1681, 1349), (1680, 1349), (1679, 1349), (1678, 1349), (1677, 1349), (1676, 1349), (1675, 1349), (1674, 1349), (1673, 1349), (1672, 1350), (1671, 1350), (1670, 1350), (1669, 1350), (1668, 1350), (1667, 1350), (1666, 1350), (1665, 1350), (1664, 1350), (1663, 1351), (1662, 1351), (1661, 1351), (1660, 1351), (1659,
1351), (1658, 1352), (1657, 1352), (1656, 1352), (1655, 1352), (1654, 1353), (1653, 1353), (1652, 1353), (1651, 1354), (1650, 1354), (1649, 1354), (1648, 1354), (1647, 1354), (1646, 1354), (1645, 1354), (1644, 1355), (1643, 1355), (1642, 1355), (1641, 1355), (1640, 1355), (1639, 1355), (1638, 1355), (1637, 1355), (1636, 1355), (1635, 1355), (1634, 1355), (1633, 1356), (1632, 1356), (1631, 1356), (1630, 1356), (1629, 1356), (1628, 1356), (1627, 1356), (1626, 1356), (1625, 1356), (1624, 1356), (1623, 1356), (1622, 1356), (1621, 1356), (1620, 1356), (1619, 1356), (1618, 1355), (1617, 1355), (1616, 1355), (1615, 1355), (1614, 1355), (1613, 1355), (1612, 1355), (1611, 1355), (1610, 1355), (1609, 1355), (1608, 1355), (1607, 1355), (1606, 1355), (1605, 1355), (1604, 1354), (1603, 1354), (1602, 1354), (1601, 1354), (1600, 1354), (1599, 1354), (1598, 1354), (1597, 1354), (1596, 1354), (1595, 1354), (1594, 1354), (1593, 1353), (1592, 1353), (1591, 1353), (1590, 1353), (1589, 1353), (1588, 1353), (1587, 1353), (1586, 1353), (1585, 1352), (1584, 1352), (1583, 1352), (1582, 1352), (1581, 1352), (1580, 1352), (1579, 1352), (1578, 1351), (1577, 1351), (1576, 1351), (1575, 1351), (1574, 1351), (1573, 1351), (1572, 1351), (1571, 1351), (1570, 1350), (1569, 1350), (1568, 1350), (1567, 1350), (1566, 1350), (1565, 1350), (1564, 1350), (1563, 1350), (1562, 1350), (1561, 1350), (1560, 1350), (1559, 1350),
(1558, 1349), (1557, 1349), (1556, 1349), (1555, 1349), (1554, 1349), (1553, 1349), (1552, 1349), (1551, 1349), (1550, 1348), (1549, 1348), (1548, 1348), (1547, 1348), (1546, 1348), (1545, 1348), (1544, 1348), (1543, 1348), (1542, 1348), (1541, 1348), (1540, 1348), (1539, 1348), (1538, 1348), (1537, 1348), (1536, 1348), (1535, 1347), (1534, 1347), (1533, 1347), (1532, 1347), (1531, 1347), (1530, 1347), (1529, 1347), (1528, 1347), (1527, 1347), (1526, 1347), (1525, 1347), (1524, 1347), (1523, 1346), (1522, 1346), (1521, 1346), (1520, 1346), (1519, 1346), (1518, 1346), (1517, 1346), (1516, 1346), (1515, 1346), (1514, 1346), (1513, 1346), (1512, 1345), (1511, 1345), (1510, 1345), (1509, 1345), (1508, 1345), (1507, 1345), (1506, 1345), (1505, 1345), (1504, 1345), (1503, 1345), (1502, 1344), (1501, 1344), (1500, 1344), (1499, 1344), (1498, 1344), (1497, 1344), (1496, 1344), (1495, 1343), (1494, 1343), (1493, 1343), (1492, 1343), (1491, 1343), (1490, 1343), (1489, 1343), (1488, 1343), (1487, 1343), (1486, 1343), (1485, 1343), (1484, 1343), (1483, 1343), (1482, 1343), (1481, 1342), (1480, 1342), (1479, 1342), (1478, 1342), (1477, 1342), (1476, 1342), (1475, 1342), (1474, 1342), (1473, 1342), (1472, 1342), (1471, 1342), (1470, 1342), (1469, 1342), (1468, 1342), (1467, 1342), (1466, 1342), (1465, 1342), (1464, 1343), (1463, 1343), (1462, 1343), (1461, 1343), (1460, 1343), (1459, 1343), (1458,
1343), (1457, 1343), (1456, 1343), (1455, 1343), (1454, 1344), (1453, 1344), (1452, 1344), (1451, 1344), (1450, 1344), (1449, 1344), (1448, 1344), (1447, 1345), (1446, 1345), (1445, 1345), (1444, 1345), (1443, 1345), (1442, 1345), (1441, 1346), (1440, 1346), (1439, 1346), (1438, 1346), (1437, 1346), (1436, 1347), (1435, 1347), (1434, 1347), (1433, 1348), (1432, 1348), (1431, 1348), (1430, 1348), (1429, 1349), (1428, 1349), (1427, 1349), (1426, 1350), (1425, 1350), (1424, 1350), (1423, 1351), (1422, 1351), (1421, 1352), (1420, 1352), (1419, 1352), (1418, 1353), (1417, 1353), (1416, 1353), (1415, 1354), (1414, 1354), (1413, 1354), (1412, 1355), (1411, 1355), (1410, 1355), (1409, 1355), (1408, 1356), (1407, 1356), (1406, 1357), (1405, 1357), (1404, 1357), (1403, 1358), (1402, 1358), (1401, 1358), (1400, 1358), (1399, 1359), (1398, 1359), (1397, 1359), (1396, 1360), (1395, 1360), (1394, 1360), (1393, 1361), (1392, 1361), (1391, 1361), (1390, 1361), (1389, 1362), (1388, 1362), (1387, 1362), (1386, 1362), (1385, 1362), (1384, 1362), (1383, 1363), (1382, 1363), (1381, 1363), (1380, 1363), (1379, 1363), (1378, 1363), (1377, 1363), (1376, 1363), (1375, 1364), (1374, 1364), (1373, 1364), (1372, 1364), (1371, 1364), (1370, 1364), (1369, 1364), (1368, 1364), (1367, 1364), (1366, 1364), (1365, 1364), (1364, 1364), (1363, 1364), (1362, 1364), (1361, 1364), (1360, 1364), (1359, 1364), (1358, 1365),
(1357, 1365), (1356, 1365), (1355, 1365), (1354, 1365), (1353, 1365), (1352, 1365), (1351, 1365), (1350, 1365), (1349, 1365), (1348, 1366), (1347, 1366), (1346, 1367), (1345, 1367), (1344, 1367), (1343, 1367), (1342, 1367), (1341, 1367), (1340, 1367), (1339, 1367), (1338, 1367), (1337, 1367), (1336, 1368), (1335, 1368), (1334, 1368), (1333, 1368), (1332, 1368), (1331, 1368), (1330, 1368), (1329, 1368), (1328, 1368), (1327, 1368), (1326, 1368), (1325, 1368), (1324, 1368), (1323, 1369), (1322, 1369), (1321, 1369), (1320, 1369), (1319, 1369), (1318, 1369), (1317, 1369), (1316, 1368), (1315, 1368), (1314, 1368), (1313, 1368), (1312, 1367), (1311, 1367), (1310, 1367), (1309, 1367), (1308, 1367), (1307, 1366), (1306, 1366), (1305, 1366), (1304, 1366), (1303, 1366), (1302, 1365), (1301, 1365), (1300, 1365), (1299, 1365), (1298, 1365), (1297, 1365), (1296, 1365), (1295, 1365), (1294, 1365), (1293, 1364), (1292, 1364), (1291, 1364), (1290, 1364), (1289, 1364), (1288, 1364), (1287, 1363), (1286, 1363), (1285, 1363), (1284, 1363), (1283, 1363), (1282, 1363), (1281, 1363), (1280, 1362), (1279, 1362), (1278, 1362), (1277, 1362), (1276, 1362), (1275, 1362), (1274, 1362), (1273, 1362), (1272, 1361), (1271, 1361), (1270, 1361), (1269, 1361), (1268, 1361), (1267, 1361), (1266, 1361), (1265, 1360), (1264, 1360), (1263, 1360), (1262, 1360), (1261, 1360), (1260, 1360), (1259, 1360), (1258, 1360), (1257,
1360), (1256, 1360), (1255, 1359), (1254, 1359), (1253, 1359), (1252, 1359), (1251, 1359), (1250, 1359), (1249, 1359), (1248, 1359), (1247, 1358), (1246, 1358), (1245, 1358), (1244, 1358), (1243, 1358), (1242, 1358), (1241, 1358), (1240, 1358), (1239, 1358), (1238, 1358), (1237, 1358), (1236, 1357), (1235, 1357), (1234, 1357), (1233, 1357), (1232, 1357), (1231, 1357), (1230, 1357), (1229, 1357), (1228, 1357), (1227, 1357), (1226, 1356), (1225, 1356), (1224, 1356), (1223, 1356), (1222, 1356), (1221, 1356), (1220, 1356), (1219, 1355), (1218, 1355), (1217, 1355), (1216, 1355), (1215, 1355), (1214, 1355), (1213, 1355), (1212, 1355), (1211, 1354), (1210, 1354), (1209, 1354), (1208, 1354), (1207, 1354), (1206, 1354), (1205, 1354), (1204, 1354), (1203, 1354), (1202, 1353), (1201, 1353), (1200, 1353), (1199, 1353), (1198, 1353), (1197, 1353), (1196, 1353), (1195, 1353), (1194, 1353), (1193, 1353), (1192, 1352), (1191, 1352), (1190, 1352), (1189, 1352), (1188, 1352), (1187, 1352), (1186, 1352), (1185, 1352), (1184, 1351), (1183, 1351), (1182, 1351), (1181, 1351), (1180, 1351), (1179, 1351), (1178, 1351), (1177, 1351), (1176, 1350), (1175, 1350), (1174, 1350), (1173, 1350), (1172, 1350), (1171, 1350), (1170, 1350), (1169, 1349), (1168, 1349), (1167, 1349), (1166, 1349), (1165, 1349), (1164, 1349), (1163, 1349), (1162, 1349), (1161, 1349), (1160, 1349), (1159, 1348), (1158, 1348), (1157, 1348),
(1156, 1348), (1155, 1348), (1154, 1348), (1153, 1348), (1152, 1348), (1151, 1348), (1150, 1348), (1149, 1348), (1148, 1348), (1147, 1348), (1146, 1348), (1145, 1347), (1144, 1347), (1143, 1347), (1142, 1347), (1141, 1347), (1140, 1347), (1139, 1347), (1138, 1347), (1137, 1347), (1136, 1347), (1135, 1347), (1134, 1347), (1133, 1348), (1132, 1348), (1131, 1348), (1130, 1348), (1129, 1348), (1128, 1348), (1127, 1348), (1126, 1348), (1125, 1348), (1124, 1348), (1123, 1348), (1122, 1348), (1121, 1348), (1120, 1349), (1119, 1349), (1118, 1349), (1117, 1349), (1116, 1349), (1115, 1349), (1114, 1349), (1113, 1350), (1112, 1350), (1111, 1350), (1110, 1350), (1109, 1350), (1108, 1350), (1107, 1350), (1106, 1351), (1105, 1351), (1104, 1351), (1103, 1351), (1102, 1351), (1101, 1351), (1100, 1352), (1099, 1352), (1098, 1352), (1097, 1352), (1096, 1352), (1095, 1352), (1094, 1353), (1093, 1353), (1092, 1353), (1091, 1353), (1090, 1353), (1089, 1353), (1088, 1354), (1087, 1354), (1086, 1354), (1085, 1354), (1084, 1354), (1083, 1354), (1082, 1355), (1081, 1355), (1080, 1355), (1079, 1355), (1078, 1355), (1077, 1355), (1076, 1355), (1075, 1355), (1074, 1356), (1073, 1356), (1072, 1356), (1071, 1356), (1070, 1356), (1069, 1356), (1068, 1356), (1067, 1356), (1066, 1356), (1065, 1356), (1064, 1356), (1063, 1357), (1062, 1357), (1061, 1357), (1060, 1357), (1059, 1357), (1058, 1357), (1057, 1357), (1056,
1357), (1055, 1357), (1054, 1357), (1053, 1358), (1052, 1358), (1051, 1358), (1050, 1358), (1049, 1358), (1048, 1358), (1047, 1358), (1046, 1358), (1045, 1359), (1044, 1359), (1043, 1359), (1042, 1359), (1041, 1359), (1040, 1359), (1039, 1359), (1038, 1359), (1037, 1360), (1036, 1360), (1035, 1360), (1034, 1360), (1033, 1360), (1032, 1360), (1031, 1360), (1030, 1361), (1029, 1361), (1028, 1361), (1027, 1361), (1026, 1361), (1025, 1362), (1024, 1362), (1023, 1362), (1022, 1362), (1021, 1362), (1020, 1362), (1019, 1363), (1018, 1363), (1017, 1363), (1016, 1363), (1015, 1363), (1014, 1364), (1013, 1364), (1012, 1364), (1011, 1364), (1010, 1364), (1009, 1365), (1008, 1365), (1007, 1365), (1006, 1366), (1005, 1366), (1004, 1366), (1003, 1367), (1002, 1367), (1001, 1367), (1000, 1367), (999, 1368),
(998, 1368), (997, 1368), (996, 1369), (995, 1369), (994, 1369), (993, 1369), (992, 1369), (991, 1370), (990, 1370), (989, 1370), (988, 1370), (987, 1370), (986, 1370), (985, 1370), (984, 1370), (983,
1370), (982, 1370), (981, 1370), (980, 1370), (979, 1370), (978, 1370), (977, 1370), (976, 1370), (975, 1370), (974, 1370), (973, 1370), (972, 1370), (971, 1370), (970, 1370), (969, 1370), (968, 1371), (967, 1371), (966, 1371), (965, 1371), (964, 1371), (963, 1371), (962, 1372), (961, 1372), (960, 1372), (959, 1372), (958, 1372), (957, 1372), (956, 1373), (955, 1373), (954, 1373), (953, 1373), (952, 1374), (951, 1374), (950, 1374), (949, 1374), (948, 1374), (947, 1374), (946, 1374), (945, 1375), (944, 1375), (943, 1375), (942, 1375), (941, 1375), (940, 1375), (939, 1375), (938, 1375), (937, 1375), (936, 1375), (935, 1375), (934, 1376), (933, 1376), (932, 1376), (931, 1376), (930, 1376), (929, 1376), (928, 1376), (927, 1376), (926, 1376), (925, 1376), (924, 1376), (923, 1376), (922, 1376), (921, 1376), (920, 1376), (919, 1376), (918, 1376), (917, 1376), (916, 1377), (915, 1377), (914, 1377), (913, 1377), (912, 1377), (911, 1377), (910, 1377), (909, 1377), (908, 1378), (907, 1378), (906, 1378), (905, 1378), (904, 1378), (903, 1379), (902, 1379), (901, 1379), (900, 1379), (899, 1379), (898, 1380), (897, 1380), (896, 1380), (895, 1380), (894, 1380), (893, 1380), (892, 1381), (891, 1381), (890, 1381), (889, 1381), (888, 1381), (887, 1382), (886, 1382), (885, 1382), (884, 1382), (883, 1382), (882, 1382), (881, 1382), (880, 1382), (879, 1382), (878, 1382), (877, 1382), (876, 1382), (875, 1382), (874, 1382), (873, 1382), (872, 1382), (871, 1382), (870, 1382), (869, 1382), (868, 1382), (867, 1382), (866, 1382), (865, 1382), (864, 1381), (863, 1381), (862, 1381), (861, 1381), (860, 1381), (859, 1381), (858, 1381), (857, 1380), (856, 1380), (855, 1380), (854, 1380), (853, 1380), (852, 1380), (851, 1379), (850, 1379), (849, 1379), (848, 1379), (847, 1378), (846, 1378), (845, 1378), (844, 1378), (843, 1377), (842, 1377), (841, 1377), (840, 1377), (839, 1377), (838, 1376), (837, 1376), (836, 1376), (835, 1376), (834, 1376), (833, 1375), (832, 1375), (831, 1375), (830, 1375), (829, 1374), (828, 1374), (827, 1374), (826, 1373), (825, 1373), (824, 1373), (823, 1373), (822, 1373), (821, 1372), (820, 1372), (819, 1372), (818, 1372), (817, 1372), (816, 1371), (815, 1371), (814, 1370), (813, 1370), (812, 1369), (811, 1368), (811, 1367), (811, 1366), (811, 1365), (811, 1364), (812, 1362), (813, 1360), (814, 1359), (814, 1360), (815, 1359), (815, 1358), (816, 1357), (816, 1358), (817, 1357),
(817, 1356), (818, 1356), (819, 1355), (819, 1356), (820, 1355), (820, 1354), (821, 1354), (822, 1353), (822, 1354), (823, 1353), (823, 1352), (824, 1351), (824, 1352), (825, 1351), (825, 1350), (826,
1350), (827, 1349), (827, 1350), (828, 1349), (828, 1348), (829, 1348), (830, 1347), (830, 1348), (831, 1347), (831, 1346), (832, 1346), (833, 1345), (833, 1346), (834, 1345), (835, 1344), (835, 1345), (836, 1344), (836, 1343), (837, 1343), (838, 1342), (838, 1343), (839, 1342), (839, 1341), (840, 1340), (840, 1341), (841, 1340), (842, 1339), (842, 1340), (843, 1339), (843, 1338), (844, 1338), (845, 1337), (845, 1338), (846, 1337), (846, 1336), (847, 1336), (848, 1335), (848, 1336), (849, 1335), (850, 1334), (850, 1335), (851, 1334), (852, 1333), (852, 1334), (853, 1333), (853, 1332), (854, 1332), (855, 1331), (855, 1332), (856, 1331), (856, 1330), (857, 1330), (858, 1329), (858, 1330), (859, 1329), (859, 1328), (860, 1328), (861, 1327), (861, 1328), (862, 1327), (863, 1326), (863, 1327), (864, 1326), (864, 1325), (865, 1325), (866, 1324), (866, 1325), (867, 1324), (868, 1323), (868, 1324), (869, 1323), (870, 1322), (870, 1323), (871, 1322), (872, 1321), (872, 1322), (873, 1321), (873, 1320), (874, 1320), (875, 1319), (875, 1320), (876, 1319), (877, 1318), (877, 1319), (878, 1318), (879, 1317), (879, 1318), (880, 1317), (881, 1316), (881, 1317), (882, 1316), (883, 1316), (884, 1315), (884, 1316), (885, 1315), (886, 1315), (887, 1314), (887, 1315), (888, 1314), (889, 1313), (889, 1314), (890, 1313), (891, 1313), (892, 1312), (892, 1313), (893, 1312), (894, 1311), (894, 1312), (895, 1311), (896, 1311), (897, 1310), (897, 1311), (898, 1310), (899, 1309), (899, 1310), (900, 1309), (901, 1308), (901, 1309), (902, 1308), (903, 1307), (903, 1308), (904, 1307), (905, 1306), (905, 1307), (906, 1306), (907, 1305), (907, 1306), (908, 1305), (909, 1304), (909, 1305), (910, 1304), (911, 1303), (911, 1304), (912, 1303), (913, 1302), (913, 1303), (914, 1302), (915, 1301), (915, 1302), (916, 1301), (916, 1300), (917, 1300), (918, 1299), (918, 1300), (919, 1299), (920, 1298), (920, 1299), (921, 1298), (922, 1297), (922, 1298), (923, 1297), (923, 1296), (924, 1296), (925, 1295), (925, 1296), (926, 1295), (927, 1294), (927, 1295), (928, 1294), (928, 1293), (929, 1293), (930, 1292), (930, 1293), (931, 1292), (932, 1291), (932, 1292), (933, 1291), (933, 1290), (934, 1290), (935, 1289), (935, 1290), (936, 1289), (937, 1288), (937, 1289), (938, 1288), (938, 1287), (939, 1287), (940, 1286), (940, 1287), (941, 1286), (942, 1285), (942, 1286), (943, 1285), (943, 1284), (944, 1284), (945, 1283),
(945, 1284), (946, 1283), (947, 1282), (947, 1283), (948, 1282), (949, 1281), (949, 1282), (950, 1281), (950, 1280), (951, 1280), (952, 1279), (952, 1280), (953, 1279), (953, 1278), (954, 1278), (955,
1277), (955, 1278), (956, 1277), (956, 1276), (957, 1275), (957, 1276), (958, 1275), (959, 1274), (959, 1275), (960, 1274), (960, 1273), (961, 1272), (961, 1273), (962, 1272), (962, 1271), (963, 1270), (963, 1271), (964, 1270), (965, 1269), (965, 1270), (966, 1269), (966, 1268), (967, 1267), (967, 1268), (968, 1267), (968, 1266), (969, 1265), (969, 1266), (970, 1265), (970, 1264), (971, 1263), (971, 1264), (972, 1263), (972, 1262), (973, 1261), (973, 1262), (974, 1261), (974, 1260), (975, 1259), (975, 1260), (976, 1259), (976, 1258), (977, 1257), (977, 1258), (978, 1257), (978, 1256), (979, 1255), (979, 1256), (980, 1255), (980, 1254), (981, 1253), (981, 1254), (982, 1253), (982, 1252), (983, 1251), (983, 1252), (984, 1251), (985, 1250), (985, 1251), (986, 1250), (986, 1249), (987, 1248), (987, 1249), (988, 1248), (988, 1247), (989, 1246), (989, 1247), (990, 1246), (991, 1245), (991, 1246), (992, 1245), (992, 1244), (993, 1243), (993, 1244), (994, 1243), (995, 1242), (995, 1243), (996, 1242), (996, 1241), (997, 1240), (997, 1241), (998, 1240), (998, 1239), (999, 1239), (1000, 1238), (1000, 1239), (1001, 1238), (1001, 1237), (1002, 1236), (1002, 1237), (1003, 1236), (1003, 1235), (1004, 1235), (1005, 1234), (1005, 1235), (1006, 1234), (1006, 1233), (1007, 1232), (1007, 1233), (1008, 1232), (1008, 1231), (1009, 1230), (1009, 1231), (1010, 1230), (1010, 1229), (1011, 1228), (1011, 1229), (1012, 1228), (1013, 1227), (1013, 1228), (1014, 1227), (1014, 1226), (1015, 1225), (1015, 1226), (1016, 1225), (1016, 1224), (1017, 1223), (1017, 1224), (1018, 1223), (1019, 1222), (1019, 1223), (1020, 1222), (1020, 1221), (1021, 1220), (1021, 1221), (1022, 1220), (1022, 1219), (1023, 1218), (1023, 1219), (1024, 1218), (1024, 1217), (1025, 1217), (1026, 1216), (1026, 1217), (1027, 1216), (1028, 1215), (1028, 1216), (1029, 1215), (1029, 1214), (1030, 1213), (1030, 1214), (1031, 1213), (1032, 1212), (1032, 1213), (1033, 1212), (1033, 1211), (1034, 1211), (1035, 1210), (1035, 1211), (1036, 1210),
(1037, 1209), (1037, 1210), (1038, 1209), (1038, 1208), (1039, 1208), (1040, 1207), (1040, 1208), (1041, 1207), (1042, 1206), (1042, 1207), (1043, 1206), (1043, 1205), (1044, 1205), (1045, 1205), (1046, 1204), (1046, 1205), (1047, 1204), (1048, 1204), (1049, 1204), (1050, 1204), (1051, 1203), (1051, 1204), (1052, 1203), (1053, 1203), (1054, 1203), (1055, 1203), (1056, 1203), (1057, 1203), (1058, 1203), (1059, 1203), (1060, 1203), (1061, 1203), (1062, 1203), (1063, 1203), (1064, 1203), (1065, 1203), (1066, 1203), (1067, 1203), (1068, 1203), (1069, 1202), (1069, 1203), (1070, 1202), (1071, 1202), (1072, 1202), (1073, 1202), (1074, 1201), (1074, 1202), (1075, 1201), (1076, 1201), (1077, 1200), (1077, 1201), (1078, 1200), (1079, 1199), (1079, 1200), (1080, 1199), (1081, 1198), (1081, 1199), (1082, 1198), (1083, 1197), (1083, 1198), (1084, 1197), (1084, 1196), (1085, 1196), (1086, 1195), (1086, 1196), (1087, 1195), (1087, 1194), (1088, 1194), (1089, 1193), (1089, 1194), (1090, 1193), (1090, 1192), (1091, 1192), (1092, 1192), (1093, 1192), (1094, 1192), (1095, 1192), (1096, 1192), (1096, 1193), (1097, 1193), (1098, 1193), (1098, 1194), (1099, 1194), (1100, 1194), (1101, 1194), (1102, 1194), (1103, 1194), (1103, 1195), (1104, 1195), (1105, 1195), (1106, 1194), (1106, 1195), (1107, 1194), (1108, 1194), (1109, 1194), (1110, 1193), (1110, 1194), (1111, 1193), (1112, 1193), (1113, 1193), (1114,
1192), (1114, 1193), (1115, 1192), (1115, 1191), (1116, 1190), (1116, 1191), (1117, 1190), (1118, 1189), (1118, 1190), (1119, 1189), (1119, 1188), (1120, 1188), (1121, 1188), (1122, 1187), (1122, 1188), (1123, 1187), (1123, 1186), (1123, 1185), (1123, 1184), (1123, 1183), (1124, 1181), (1125, 1179), (1125, 1178), (1125, 1177), (1125, 1176), (1126, 1174), (1126, 1173), (1126, 1172), (1127, 1170), (1128, 1168), (1129, 1167), (1129, 1168), (1130, 1167), (1130, 1166), (1130, 1165), (1130, 1164), (1129, 1163), (1129, 1162), (1129, 1161), (1129, 1160), (1129, 1159), (1128, 1158), (1127, 1158), (1127, 1157), (1127, 1156), (1127, 1155), (1127, 1154), (1127, 1153), (1127, 1152), (1127, 1151), (1126, 1150), (1126, 1149), (1126, 1148), (1126, 1147), (1126, 1146), (1125, 1145), (1124, 1145), (1123, 1145), (1122, 1144), (1121, 1144), (1120, 1144), (1119, 1143), (1118, 1143), (1117, 1143), (1116, 1142), (1115, 1142), (1114, 1142), (1113, 1142), (1112, 1142), (1111, 1141), (1110, 1141), (1109, 1141), (1108, 1140), (1107, 1139), (1106, 1139), (1105, 1139), (1104, 1138), (1103, 1138), (1102, 1137), (1101, 1137), (1100, 1137), (1099, 1137), (1098, 1136), (1097, 1136), (1096, 1136), (1095, 1136), (1094, 1136), (1093, 1135), (1092, 1135), (1091, 1135), (1090, 1135), (1089, 1135), (1088, 1135), (1087, 1135), (1086, 1135), (1085, 1136), (1084, 1136), (1083, 1137), (1082, 1137), (1081, 1137), (1080, 1138),
(1079, 1138), (1078, 1139), (1077, 1139), (1076, 1140), (1075, 1140), (1074, 1140), (1073, 1141), (1072, 1141), (1071, 1142), (1070, 1142), (1069, 1143), (1068, 1143), (1067, 1144), (1066, 1145), (1065, 1145), (1064, 1146), (1063, 1147), (1062, 1147), (1061, 1148), (1060, 1148), (1059, 1149), (1058, 1150), (1057, 1150), (1056, 1151), (1055, 1151), (1054, 1152), (1053, 1152), (1052, 1153), (1051, 1154), (1050, 1154), (1049, 1155), (1048, 1155), (1047, 1156), (1046, 1156), (1045, 1156), (1044, 1157), (1043, 1157), (1042, 1157), (1041, 1157), (1040, 1158), (1039, 1158), (1038, 1158), (1037, 1159), (1036, 1159), (1035, 1159), (1034, 1159), (1033, 1160), (1032, 1160), (1031, 1161), (1030, 1161), (1029, 1161), (1028, 1162), (1027, 1162), (1026, 1162), (1025, 1163), (1024, 1163), (1023, 1163), (1022, 1164), (1021, 1164), (1020, 1164), (1019, 1165), (1018, 1165), (1017, 1166), (1016, 1166), (1015, 1167), (1014, 1167), (1013, 1167), (1012, 1168), (1011, 1168), (1010, 1169), (1009, 1169), (1008, 1170), (1007, 1170), (1006, 1171), (1005, 1172), (1004, 1172), (1003, 1173), (1002, 1173), (1001, 1174), (1000, 1174), (999, 1175), (998, 1175), (997, 1176), (996, 1176), (995, 1177), (994, 1177), (993, 1178), (992, 1178), (991, 1179), (990, 1179), (989, 1180), (988, 1180), (987, 1181), (986, 1181), (985, 1181), (984, 1182), (983, 1182), (982, 1183), (981, 1183), (980, 1184), (979, 1184), (978, 1184), (977, 1185), (976, 1185), (975, 1186), (974, 1186), (973, 1186), (972, 1187), (971, 1187), (970, 1188), (969, 1188), (968, 1188), (967, 1189), (966, 1189), (965, 1190), (964, 1190), (963, 1191), (962, 1191), (961, 1191), (960, 1192), (959, 1192), (958, 1192), (957, 1193), (956, 1193), (955, 1194), (954, 1194), (953, 1194), (952, 1195), (951, 1195), (950, 1195), (949, 1196), (948, 1196), (947, 1196),
(946, 1197), (945, 1197), (944, 1197), (943, 1198), (942, 1198), (941, 1198), (940, 1199), (939, 1199), (938, 1199), (937, 1200), (936, 1200), (935, 1200), (934, 1200), (933, 1201), (932, 1201), (931,
1201), (930, 1202), (929, 1202), (928, 1203), (927, 1203), (926, 1203), (925, 1204), (924, 1204), (923, 1204), (922, 1205), (921, 1205), (920, 1205), (919, 1206), (918, 1206), (917, 1206), (916, 1207), (915, 1207), (914, 1207), (913, 1208), (912, 1208), (911, 1209), (910, 1209), (909, 1210), (908, 1210), (907, 1210), (906, 1211), (905, 1211), (904, 1212), (903, 1212), (902, 1212), (901, 1213), (900, 1213), (899, 1214), (898, 1214), (897, 1214), (896, 1215), (895, 1215), (894, 1216), (893, 1216), (892, 1216), (891, 1217), (890, 1217), (889, 1218), (888, 1218), (887, 1218), (886, 1219), (885, 1219), (884, 1219), (883, 1220), (882, 1220), (881, 1221), (880, 1221), (879, 1221), (878, 1222), (877, 1222), (876, 1223), (875, 1223), (874, 1223), (873, 1224), (872, 1224), (871, 1225), (870, 1225), (869, 1226), (868, 1226), (867, 1226), (866, 1227), (865, 1227), (864, 1228), (863, 1229), (862, 1229), (861, 1230), (860, 1230), (859, 1231), (858, 1231), (857, 1232), (856, 1232), (855, 1233), (854, 1233), (853, 1234), (852, 1235), (851, 1235), (850, 1236), (849, 1236), (848, 1237), (847, 1238), (846, 1238), (845, 1239), (844, 1239), (843, 1240), (842, 1240), (841, 1241), (840, 1242), (839, 1242), (838, 1243), (837, 1244), (836, 1245), (835, 1246), (834, 1246), (833, 1247), (832, 1248), (831, 1249), (830, 1250), (829, 1251), (828, 1252), (827, 1252), (826, 1253), (825, 1254), (824, 1255), (823, 1256), (822, 1257), (821, 1258), (820, 1259), (819, 1260), (818, 1260), (817, 1261), (816, 1262), (815, 1263), (814, 1264), (813, 1264), (812, 1265), (811, 1266), (810, 1266), (809, 1267), (808, 1267), (807, 1268), (806, 1269), (805, 1269), (804, 1270), (803, 1270), (802, 1271), (801, 1271), (800, 1272), (799, 1272), (798, 1273), (797, 1273), (796, 1274), (795, 1274), (794, 1275), (793, 1275), (792, 1276), (791, 1276), (790, 1277), (789, 1277), (788, 1278), (787, 1278), (786, 1279), (785, 1279), (784, 1280), (783, 1280), (782, 1281), (781, 1281), (780, 1282), (779, 1282), (778, 1283), (777, 1283), (776, 1283), (775, 1284), (774, 1284), (773, 1285), (772, 1285), (771, 1286), (770, 1286), (769, 1287), (768, 1287), (767, 1287), (766, 1288), (765, 1288), (764, 1289), (763, 1289), (762, 1290), (761, 1290), (760, 1290), (759, 1291), (758, 1291), (757, 1292), (756, 1292), (755, 1292), (754, 1293), (753, 1293), (752, 1294), (751, 1294), (750, 1294), (749, 1295), (748, 1295), (747, 1296), (746, 1296),
(745, 1296), (744, 1297), (743, 1297), (742, 1298), (741, 1298), (740, 1298), (739, 1299), (738, 1299), (737, 1299), (736, 1300), (735, 1300), (734, 1300), (733, 1300), (732, 1301), (731, 1301), (730,
1301), (729, 1301), (728, 1302), (727, 1302), (726, 1302), (725, 1302), (724, 1302), (723, 1303), (722, 1303), (721, 1303), (720, 1303), (719, 1303), (718, 1304), (717, 1304), (716, 1304), (715, 1304), (714, 1304), (713, 1305), (712, 1305), (711, 1305), (710, 1305), (709, 1306), (708, 1306), (707, 1306), (706, 1306), (705, 1306), (704, 1307), (703, 1307), (702, 1307), (701, 1307), (700, 1308), (699, 1308), (698, 1308), (697, 1308), (696, 1308), (695, 1309), (694, 1309), (693, 1309), (692, 1310), (691, 1310), (690, 1310), (689, 1310), (688, 1311), (687, 1311), (686, 1312), (685, 1312), (684, 1312), (683, 1313), (682, 1313), (681, 1314), (680, 1314), (679, 1315), (678, 1315), (677, 1315), (676, 1316), (675, 1316), (674, 1317), (673, 1317), (672, 1318), (671, 1318), (670, 1319), (669, 1319), (668, 1320), (667, 1320), (666, 1321), (665, 1322), (664, 1322), (663, 1323), (662, 1323), (661, 1324), (660, 1325), (659, 1325), (658, 1326), (657, 1326), (656, 1327), (655, 1328), (654, 1328), (653, 1329), (652, 1329), (651, 1330), (650, 1331), (649, 1331), (648, 1332), (647, 1332), (646, 1333), (645, 1334), (644, 1334), (643, 1335), (642, 1336), (641, 1336), (640, 1337), (639, 1338), (638, 1338), (637, 1339), (636, 1340), (635, 1341), (634, 1341), (633, 1342), (632, 1343), (631, 1344), (630, 1345), (629, 1346), (628, 1347), (627, 1348), (626, 1349), (625, 1350), (624, 1351), (623, 1352), (623, 1353), (622, 1354), (622, 1355), (621, 1356), (621, 1357), (620, 1358), (620, 1359), (619, 1360), (619, 1361), (618, 1362), (617, 1363), (617, 1364), (616, 1365), (616, 1366), (616, 1367), (615, 1368), (615, 1369), (614, 1370), (614, 1371), (614, 1372), (614, 1373), (614, 1374), (614, 1375), (614, 1376), (614, 1377), (613, 1378), (613, 1379), (613, 1380), (613, 1381), (613, 1382), (613, 1383), (613, 1384), (613, 1385), (613, 1386), (613, 1387), (614, 1387), (614, 1388), (614, 1389), (614, 1390), (613, 1391), (613, 1392), (613, 1393), (613, 1394), (613, 1395), (612, 1396), (611, 1397), (610, 1398), (609, 1399), (608, 1400), (607, 1401), (606, 1402), (605, 1403), (604, 1404), (603, 1405), (602, 1406), (601, 1407), (601, 1408), (600, 1409), (599, 1410), (599, 1411), (598, 1412), (598, 1413), (597, 1414), (596, 1415), (596, 1416), (595, 1417), (595, 1418), (594, 1419), (594, 1420), (593, 1421), (593, 1422), (592, 1423), (592, 1424), (591, 1425), (591, 1426), (590, 1427), (590, 1428), (589, 1429),
(589, 1430), (588, 1431), (588, 1432), (587, 1433), (587, 1434), (586, 1435), (586, 1436), (585, 1437), (585, 1438), (584, 1439), (584, 1440), (583, 1441), (583, 1442), (582, 1443), (581, 1444), (581,
1445), (580, 1446), (579, 1447), (578, 1448), (577, 1449), (576, 1450), (575, 1450), (574, 1450), (573, 1450), (572, 1450), (571, 1450), (570, 1450), (569, 1450), (568, 1450), (567, 1450), (566, 1450), (565, 1451), (564, 1451), (563, 1451), (562, 1451), (561, 1451), (560, 1451), (559, 1451), (558, 1451), (557, 1451), (556, 1451), (555, 1451), (554, 1451), (553, 1451), (552, 1451), (551, 1451), (550, 1451), (549, 1451), (548, 1451), (547, 1451), (546, 1451), (545, 1451), (544, 1451), (543, 1450), (542, 1450), (541, 1450), (540, 1450), (539, 1450), (538, 1449), (537, 1448), (536, 1447), (535, 1446), (534, 1446), (533, 1445), (532, 1445), (531, 1444), (530, 1444), (529, 1443), (528, 1442), (527, 1442), (526, 1441), (525, 1440), (524, 1440), (523, 1439), (522, 1438), (521, 1438), (520, 1437), (519, 1436), (518, 1436), (517, 1436), (516, 1436), (515, 1435), (514, 1435), (513, 1435), (512, 1435), (511, 1435), (510, 1435), (509, 1435), (508, 1435), (507, 1435), (506, 1435), (505, 1435), (504, 1435), (503, 1435), (502, 1435), (501, 1435), (500, 1435), (499, 1435), (498, 1435), (497, 1435), (496, 1435), (495, 1435), (494, 1434), (493, 1434), (492, 1434), (491, 1433), (490, 1433), (489, 1432), (488, 1432), (487, 1432), (486, 1431), (485, 1431), (484, 1431), (483, 1431), (482, 1430), (481, 1430), (480, 1430), (479, 1430), (478, 1430), (477, 1429), (476, 1429), (475, 1429), (474, 1429), (473, 1429), (472, 1429), (471, 1429), (470, 1428), (469, 1428), (468, 1428), (467, 1428), (466, 1427), (465, 1427), (464, 1427), (463, 1427), (462, 1427), (461, 1426), (460, 1426), (459, 1426), (458, 1426), (457, 1426), (456, 1426), (455, 1426), (454, 1426), (453, 1426), (452, 1426), (451, 1425), (450, 1425), (449, 1425), (448, 1426), (447, 1426), (446, 1426), (445, 1426), (444, 1426), (443, 1426), (442, 1426), (441, 1426), (440, 1426), (439, 1426), (438, 1426), (437, 1427), (436, 1427), (435, 1427), (434, 1426), (433, 1426), (432, 1426), (431, 1426), (430, 1426), (429, 1426), (428, 1426), (427, 1426), (426, 1426), (425, 1426), (424, 1426), (423, 1426), (422, 1426), (421, 1426), (420, 1426), (419, 1426), (418, 1426), (417, 1426), (416, 1426), (415, 1427), (414, 1427), (413, 1427), (412, 1427), (411, 1427), (410, 1428), (409, 1428), (408, 1428), (407, 1429), (406, 1429), (405, 1430), (404, 1430), (403, 1430), (402, 1431), (401, 1432), (400, 1432), (399, 1432), (398, 1433), (397, 1433), (396, 1434),
(395, 1434), (394, 1435), (393, 1436), (392, 1437), (391, 1438), (390, 1438), (389, 1439), (388, 1440), (387, 1440), (386, 1441), (385, 1442), (384, 1443), (383, 1444), (383, 1445), (382, 1445), (381,
1446), (380, 1447), (379, 1448), (378, 1449), (377, 1450), (376, 1450), (375, 1451), (374, 1452), (373, 1453), (373, 1454), (372, 1455), (371, 1456), (370, 1457), (369, 1458), (368, 1459), (368, 1460), (367, 1461), (367, 1462), (366, 1463), (365, 1464), (365, 1465), (364, 1466), (364, 1467), (363, 1468), (363, 1469), (362, 1470), (362, 1471), (362, 1472), (362, 1473), (361, 1474), (361, 1475), (361, 1476), (360, 1477), (360, 1478), (360, 1479), (360, 1480), (360, 1481), (360, 1482), (359, 1483), (359, 1484), (359, 1485), (359, 1486), (359, 1487), (359, 1488), (358, 1489), (358, 1490), (358, 1491), (358, 1492), (358, 1493), (358, 1494), (358, 1495), (358, 1496), (358, 1497), (358, 1498), (358, 1499), (358, 1500), (358, 1501), (358, 1502), (358, 1503), (358, 1504), (358, 1505), (358, 1506), (358, 1507), (358, 1508), (358, 1509), (358, 1510), (358, 1511), (358, 1512), (358, 1513), (358, 1514), (359, 1514), (359, 1515), (359, 1516), (359, 1517), (359, 1518), (359, 1519), (359, 1520), (359, 1521), (359, 1522), (359, 1523), (359, 1524), (359, 1525), (358, 1526), (358, 1525)]
maxpoint: (358, 1525)
maxlist length: 6488