237
-37.5495 37.4698 -17.2278 -1.78 -0.89 23.05 12.06 -21.96 7.52 7.11 37.95 6.87 -15.66 -12.11 -1.53 2.77 -15.90 -3.69 0.04 40.58 -26.61 9.87 -22.76 1.46 6.55 16.23 -0.13 0.29 0.71 1.89 -11.39 3.00 3.50 25.28 -20.38 -39.60 139.65 -71.18 141.20 23.10 -2.32 1.28 6.26 3.13 -2.25 -21.43 -6.94 27.55 -137.48 -76.33 -138.30 -16.70 3.68 -5.21 0.19 -2.89 0.61 -6.59 8.53 2.79 
-37.5495 37.4698 -17.2278 -1.78 -0.89 23.05 12.06 -21.96 7.52 7.11 37.95 6.87 -15.66 -12.11 -1.53 2.77 -15.90 -3.69 0.04 40.58 -26.61 9.87 -22.76 1.46 6.55 16.23 -0.13 0.29 0.71 1.89 -11.39 3.00 3.50 25.28 -20.38 -39.60 139.65 -71.18 141.20 23.10 -2.32 1.28 6.26 3.13 -2.25 -21.43 -6.94 27.55 -137.48 -76.33 -138.30 -16.70 3.68 -5.21 0.19 -2.89 0.61 -6.59 8.53 2.79 
-37.5495 37.4698 -17.2278 -1.78 -0.89 23.05 12.06 -21.96 7.52 7.11 37.95 6.87 -15.66 -12.11 -1.53 2.77 -15.90 -3.69 0.04 40.58 -26.61 9.87 -22.76 1.46 6.55 16.23 -0.13 0.29 0.71 1.89 -11.39 3.00 3.50 25.28 -20.38 -39.60 139.65 -71.18 141.20 23.10 -2.32 1.28 6.26 3.13 -2.25 -21.43 -6.94 27.55 -137.48 -76.33 -138.30 -16.70 3.68 -5.21 0.19 -2.89 0.61 -6.59 8.53 2.79 
-37.4121 37.4659 -17.2685 -1.85 -0.73 22.66 11.97 -22.14 7.53 6.89 38.28 7.36 -15.53 -12.37 -1.57 2.36 -16.10 -3.87 0.24 40.67 -26.07 9.83 -22.80 1.50 6.72 16.50 -0.22 0.29 0.73 1.86 -11.33 2.95 3.45 25.15 -20.61 -39.17 140.22 -71.15 141.77 22.53 -2.30 0.61 6.27 3.07 -2.22 -21.64 -6.62 27.63 -137.58 -76.20 -138.41 -16.94 3.51 -5.29 0.16 -2.99 0.70 -6.89 8.34 3.03 
-37.2166 37.4507 -17.3309 -2.01 -0.59 22.12 11.97 -22.40 7.63 6.61 38.89 7.89 -15.34 -12.84 -1.65 1.83 -16.33 -4.12 0.61 40.82 -25.43 9.77 -22.87 1.55 7.10 17.01 -0.42 0.31 0.75 1.81 -11.27 2.87 3.41 24.90 -21.21 -38.56 141.28 -70.94 142.84 22.15 -2.91 0.01 6.27 2.98 -2.19 -21.84 -6.15 27.47 -137.23 -76.28 -138.05 -16.91 3.03 -5.03 0.13 -3.26 0.83 -7.16 7.97 3.32 
-37.0033 37.4254 -17.4043 -2.23 -0.47 21.56 11.98 -22.73 7.77 6.36 39.65 8.38 -15.12 -13.41 -1.72 1.31 -16.61 -4.37 1.02 41.03 -24.79 9.73 -22.93 1.61 7.58 17.59 -0.65 0.33 0.77 1.75 -11.26 2.83 3.38 24.72 -22.14 -37.75 142.85 -70.36 144.49 22.42 -3.90 -0.42 6.24 2.92 -2.18 -22.01 -5.60 26.94 -136.58 -76.62 -137.36 -16.39 2.22 -4.08 0.05 -3.63 1.03 -7.77 7.85 3.81 
-36.7509 37.3904 -17.4942 -2.44 -0.23 20.86 11.90 -23.18 7.87 6.07 40.50 9.01 -14.88 -14.05 -1.79 0.65 -17.06 -4.67 1.40 41.36 -23.96 9.73 -23.02 1.69 8.03 18.15 -0.86 0.34 0.80 1.72 -11.27 2.83 3.37 24.70 -23.33 -36.59 145.01 -69.29 146.79 22.88 -4.83 -1.31 6.23 2.92 -2.14 -22.40 -4.96 26.19 -136.19 -76.94 -136.94 -15.53 1.25 -2.67 -0.22 -4.01 1.40 -8.67 7.68 4.56 
-36.4511 37.3404 -17.6037 -2.59 0.14 20.05 11.64 -23.76 7.87 5.76 41.44 9.80 -14.66 -14.76 -1.87 -0.21 -17.70 -5.06 1.74 41.86 -22.90 9.78 -23.15 1.82 8.40 18.72 -1.05 0.36 0.82 1.68 -11.24 2.86 3.40 24.87 -24.80 -35.05 147.56 -67.85 149.52 22.79 -5.58 -2.95 6.31 2.94 -2.05 -23.19 -4.25 25.32 -136.59 -77.05 -137.32 -14.40 0.34 -1.32 -0.65 -4.36 1.83 -9.71 7.35 5.31 
-36.1173 37.2677 -17.7296 -2.67 0.46 19.35 11.16 -24.39 7.67 5.61 42.51 10.53 -14.49 -15.52 -1.96 -1.23 -18.37 -5.56 2.08 42.55 -21.89 9.95 -23.33 1.97 8.71 19.45 -1.28 0.37 0.86 1.60 -11.06 2.85 3.43 25.14 -26.74 -33.37 150.10 -66.39 152.22 21.97 -6.11 -4.95 6.54 2.93 -1.91 -24.29 -3.47 24.16 -138.11 -76.90 -138.86 -12.94 -0.40 -0.44 -1.44 -4.85 2.42 -11.16 7.26 6.26 
-35.7696 37.1680 -17.8628 -2.64 0.57 19.10 10.39 -25.00 7.17 5.76 43.70 10.84 -14.34 -16.32 -2.04 -2.35 -18.87 -6.22 2.43 43.43 -21.24 10.30 -23.57 2.14 9.02 20.45 -1.64 0.38 0.90 1.41 -10.67 2.78 3.44 25.51 -29.41 -31.80 152.26 -65.28 154.47 20.87 -6.25 -6.65 6.88 2.86 -1.72 -25.35 -2.68 22.50 -140.92 -76.53 -141.70 -11.36 -0.96 -0.21 -2.54 -5.29 2.89 -12.31 7.13 6.76 
-35.4251 37.0433 -17.9901 -2.48 0.43 19.65 9.27 -25.60 6.28 6.23 44.97 10.48 -14.10 -17.13 -2.12 -3.55 -19.06 -7.07 2.83 44.44 -21.23 10.93 -23.88 2.35 9.35 21.63 -2.16 0.39 0.95 1.07 -10.10 2.72 3.40 26.07 -33.10 -30.44 153.81 -64.90 156.00 20.02 -5.94 -7.66 7.27 2.77 -1.51 -25.94 -1.96 20.39 -144.80 -75.93 -145.62 -10.23 -1.45 -0.48 -3.97 -5.56 3.23 -13.12 7.12 6.78 
-35.1029 36.9006 -18.0976 -2.19 0.14 21.22 7.85 -26.26 5.05 6.88 46.23 9.35 -13.64 -17.90 -2.18 -4.88 -18.93 -8.16 3.37 45.54 -22.03 11.85 -24.28 2.61 9.64 22.77 -2.81 0.39 1.01 0.58 -9.50 2.73 3.32 26.85 -37.93 -29.29 154.69 -65.58 156.70 19.40 -5.36 -7.94 7.71 2.74 -1.31 -25.82 -1.51 17.97 -149.37 -74.94 -150.24 -9.73 -1.94 -0.67 -5.56 -5.47 3.30 -13.68 7.59 6.28 
-34.8289 36.7514 -18.1753 -1.82 -0.17 23.85 6.25 -26.99 3.58 7.63 47.39 7.48 -12.94 -18.57 -2.23 -6.27 -18.48 -9.47 4.13 46.61 -23.67 13.01 -24.76 2.92 9.85 23.67 -3.48 0.39 1.05 0.02 -8.98 2.82 3.22 27.58 -43.81 -28.58 154.89 -67.44 156.60 18.56 -4.74 -7.68 8.16 2.79 -1.13 -25.00 -1.81 15.04 -154.65 -73.30 -155.60 -9.14 -2.35 -0.06 -7.22 -4.93 3.18 -13.89 8.52 5.30 
-34.6250 36.6122 -18.2197 -1.44 -0.45 27.29 4.63 -27.74 2.01 8.44 48.33 4.98 -12.06 -19.09 -2.25 -7.51 -17.77 -10.84 5.07 47.50 -26.02 14.31 -25.23 3.23 9.90 24.27 -3.99 0.39 1.08 -0.46 -8.62 2.96 3.12 27.41 -50.16 -29.10 154.45 -70.21 155.78 17.18 -4.17 -7.12 8.55 2.88 -0.99 -23.90 -3.77 11.30 -160.74 -70.64 -161.76 -7.42 -2.31 1.59 -8.76 -3.99 2.96 -14.00 10.08 4.10 
-34.4970 36.5053 -18.2325 -1.12 -0.69 31.17 3.13 -28.40 0.47 9.28 48.94 2.07 -11.07 -19.39 -2.24 -8.34 -16.86 -12.00 6.00 48.06 -28.83 15.68 -25.57 3.52 9.71 24.64 -4.19 0.38 1.09 -0.71 -8.40 3.07 3.03 25.22 -55.94 -32.10 153.24 -73.31 154.22 15.43 -3.60 -6.47 8.75 2.97 -0.91 -23.21 -8.51 6.78 -166.92 -66.92 -167.93 -4.44 -1.45 3.72 -10.12 -2.45 2.64 -13.84 11.72 2.53 
-34.4355 36.4557 -18.2180 -0.88 -0.90 35.04 1.85 -28.85 -0.86 10.03 49.08 -0.95 -10.04 -19.42 -2.16 -8.66 -15.85 -12.77 6.72 48.14 -31.84 17.01 -25.63 3.74 9.16 24.87 -3.93 0.36 1.10 -0.64 -8.31 3.10 2.99 20.34 -60.06 -38.59 150.84 -76.08 151.56 13.78 -3.04 -5.84 8.67 3.01 -0.93 -23.71 -16.70 1.48 -172.29 -63.12 -173.11 -1.28 -0.15 5.56 -11.20 -0.52 2.36 -13.72 13.20 1.05 
-34.4273 36.4815 -18.1817 -0.71 -0.97 38.66 0.78 -29.09 -1.97 10.57 48.63 -3.75 -9.05 -19.11 -2.02 -8.61 -14.84 -13.16 7.24 47.66 -34.90 18.15 -25.36 3.88 8.18 24.96 -3.14 0.32 1.10 -0.16 -8.32 3.06 2.99 13.61 -61.90 -48.18 146.74 -78.08 147.31 12.53 -2.56 -5.29 8.25 3.01 -1.06 -26.16 -28.12 -5.30 -176.99 -60.98 -177.37 0.90 0.84 6.76 -12.00 2.04 1.97 -13.37 14.19 -0.69 
-34.4663 36.5835 -18.1277 -0.64 -0.80 41.97 -0.22 -29.18 -2.94 10.92 47.54 -6.17 -8.22 -18.42 -1.82 -8.43 -13.95 -13.39 7.73 46.65 -37.91 18.94 -24.86 3.91 6.79 24.88 -1.78 0.28 1.09 0.75 -8.32 2.94 2.99 6.92 -61.51 -59.06 141.05 -79.15 141.56 11.68 -2.11 -4.90 7.41 2.98 -1.24 -31.76 -41.55 -14.92 178.00 -61.58 178.24 2.03 1.44 7.41 -12.38 4.93 1.37 -12.67 14.59 -2.69 
-34.5576 36.7460 -18.0572 -0.70 -0.35 45.03 -1.12 -29.23 -3.77 11.06 45.85 -8.27 -7.55 -17.39 -1.60 -8.25 -13.23 -13.55 8.29 45.19 -40.68 19.28 -24.28 3.81 5.05 24.62 0.12 0.22 1.08 2.11 -8.09 2.71 2.91 1.68 -59.43 -69.30 134.76 -79.48 135.25 11.12 -1.57 -4.71 6.06 2.85 -1.36 -43.10 -54.72 -28.89 171.79 -65.47 172.52 2.87 1.90 8.15 -12.04 8.00 0.31 -11.78 14.61 -4.96 
-34.7110 36.9534 -17.9674 -0.93 0.25 47.72 -1.61 -29.28 -4.10 10.77 43.74 -10.13 -6.91 -16.09 -1.35 -7.90 -12.71 -13.45 8.67 43.37 -43.01 19.21 -23.66 3.63 3.05 24.25 2.47 0.15 1.06 3.85 -7.49 2.34 2.76 -1.70 -56.36 -77.59 128.96 -79.36 129.45 10.84 -0.96 -4.50 4.12 2.59 -1.35 -64.85 -64.70 -50.24 160.15 -74.61 160.81 3.47 1.39 10.25 -10.50 11.24 -1.69 -10.98 14.50 -7.77 
-34.9265 37.2048 -17.8512 -1.38 0.84 49.83 -1.18 -29.34 -3.42 9.70 41.30 -11.64 -6.14 -14.54 -1.10 -7.03 -12.39 -12.80 8.53 41.17 -44.82 18.81 -22.87 3.34 0.87 23.83 5.14 0.08 1.04 5.88 -6.65 1.92 2.66 -3.24 -53.07 -83.28 124.44 -78.99 124.94 10.79 -0.42 -3.92 1.52 2.26 -1.31 -98.30 -68.37 -80.31 55.67 -83.28 55.49 3.25 -1.19 14.86 -7.61 14.47 -4.66 -10.53 14.26 -10.89 
-35.1786 37.5036 -17.6943 -2.09 1.34 51.34 0.25 -29.31 -1.73 7.87 38.51 -12.63 -5.26 -12.76 -0.88 -5.51 -12.15 -11.58 7.77 38.41 -46.27 18.12 -21.78 2.92 -1.28 23.22 7.85 0.01 1.02 7.98 -5.86 1.63 2.80 -3.28 -50.19 -86.49 121.88 -78.32 122.42 10.89 -0.04 -2.89 -1.84 1.98 -1.44 -128.48 -65.48 -104.95 6.63 -59.64 5.73 2.32 -5.48 21.21 -3.66 17.49 -8.39 -10.06 13.50 -14.40 
-35.4170 37.8238 -17.4793 -3.08 1.76 52.68 2.05 -29.18 0.24 5.90 35.43 -13.20 -4.52 -10.82 -0.71 -3.54 -11.77 -10.04 6.65 35.02 -47.53 17.19 -20.47 2.41 -3.06 22.29 10.20 -0.05 0.99 9.84 -5.20 1.60 3.16 -2.45 -47.79 -87.74 121.33 -77.33 121.96 11.00 0.25 -1.88 -5.67 1.83 -1.87 -145.61 -60.64 -114.83 -0.58 -32.16 -0.31 0.98 -8.12 24.61 0.43 19.96 -12.07 -9.40 12.25 -17.77 
-35.5868 38.0937 -17.2042 -4.19 2.08 54.42 3.36 -29.12 1.52 4.65 32.61 -13.79 -4.19 -9.13 -0.59 -1.53 -11.05 -8.59 5.48 31.44 -48.44 16.26 -19.32 1.94 -4.24 21.18 11.78 -0.09 0.95 11.12 -4.55 1.72 3.56 -1.35 -45.44 -87.48 122.04 -76.09 122.81 11.12 0.55 -1.36 -8.95 1.80 -2.52 -153.29 -57.82 -116.27 -2.47 -12.70 -0.54 0.22 -7.32 22.96 3.80 21.67 -14.99 -8.53 10.67 -20.57 
-35.6520 38.2279 -16.9021 -5.09 2.15 56.57 3.76 -29.32 1.73 4.57 31.03 -14.71 -4.29 -8.27 -0.52 0.07 -10.03 -7.59 4.54 28.71 -48.28 15.59 -18.95 1.08 -4.88 20.32 12.47 -0.12 0.91 11.64 -4.00 1.88 3.84 -0.07 -42.78 -85.96 123.27 -74.76 124.22 11.33 0.86 -1.26 -10.72 1.86 -3.21 -155.25 -58.14 -117.96 -3.39 -6.16 -0.36 0.34 -6.25 21.30 5.87 22.67 -16.71 -7.66 9.08 -22.45 
-35.6094 38.1915 -16.6367 -5.40 1.87 58.49 3.51 -29.69 1.23 5.38 31.34 -15.81 -4.56 -8.55 -0.53 0.67 -8.75 -7.38 4.30 27.75 -46.15 15.32 -19.81 0.92 -5.14 20.15 12.49 -0.13 0.91 11.59 -3.97 2.06 4.00 1.58 -40.11 -83.62 124.56 -73.55 125.69 11.72 1.03 -1.21 -11.06 2.02 -3.64 -152.50 -61.17 -121.31 -4.39 -12.44 -0.95 -0.17 -6.45 22.01 6.44 23.11 -17.23 -7.13 8.60 -23.31 
-35.4862 38.0289 -16.4605 -5.07 1.26 59.40 3.22 -29.93 0.68 6.45 33.20 -16.60 -4.75 -9.75 -0.63 0.05 -7.24 -8.13 4.91 28.31 -41.75 15.01 -21.67 1.93 -5.14 20.72 12.32 -0.13 0.93 11.38 -4.77 2.31 4.09 3.49 -38.14 -81.15 125.34 -72.80 126.59 12.14 0.88 -1.09 -10.73 2.31 -3.52 -144.23 -65.86 -120.26 -3.25 -27.79 -1.52 -1.37 -7.11 22.68 5.56 23.07 -16.57 -7.03 9.24 -23.14 
-35.3172 37.8177 -16.3754 -4.37 0.45 59.06 3.34 -29.88 0.55 7.24 35.77 -16.75 -4.76 -11.37 -0.80 -1.21 -5.71 -9.59 5.96 29.55 -35.90 14.13 -23.85 2.14 -4.97 21.71 12.27 -0.12 0.97 11.38 -6.09 2.59 4.21 5.25 -37.35 -79.24 125.21 -72.70 126.47 12.30 0.50 -1.11 -9.99 2.67 -2.86 -128.36 -70.49 -110.04 0.58 -46.36 0.42 -1.83 -6.96 22.60 3.69 22.71 -15.03 -7.06 9.74 -22.23 
-35.1187 37.5971 -16.3449 -3.57 -0.45 57.76 3.91 -29.59 0.89 7.64 38.53 -16.34 -4.65 -13.15 -1.00 -2.72 -4.36 -11.33 7.03 31.02 -29.89 12.89 -25.75 2.18 -4.71 22.74 12.38 -0.10 1.02 11.57 -7.36 2.80 4.40 6.61 -37.40 -78.13 124.63 -72.87 125.86 12.03 0.38 -1.44 -8.42 2.99 -1.95 -100.95 -73.06 -87.21 8.98 -65.04 8.15 -0.67 -5.20 20.98 1.62 22.25 -13.24 -7.15 10.53 -20.96 
-34.8858 37.3767 -16.3343 -2.84 -1.40 55.85 4.69 -29.12 1.45 7.88 41.27 -15.52 -4.57 -15.00 -1.22 -4.27 -4.00 -13.05 8.31 34.05 -24.71 11.61 -26.96 0.15 -4.30 23.62 12.39 -0.08 1.05 11.73 -8.36 2.89 4.61 7.87 -37.54 -77.42 124.97 -72.51 126.25 11.54 0.72 -2.25 -5.81 3.25 -1.17 -66.80 -70.46 -56.59 45.12 -81.77 44.82 1.61 -2.34 15.57 -0.76 21.66 -10.89 -7.06 10.61 -18.98 
-34.6099 37.1125 -16.3403 -2.16 -2.35 53.34 5.41 -28.59 1.99 8.23 44.22 -14.28 -4.70 -17.09 -1.46 -5.81 -3.78 -14.30 9.01 37.11 -20.04 10.68 -28.01 -0.21 -3.63 24.39 12.02 -0.05 1.09 11.58 -9.31 2.93 4.81 9.50 -37.28 -76.25 127.22 -71.12 128.75 11.23 1.00 -3.84 -2.86 3.51 -0.68 -43.12 -62.03 -34.81 152.67 -77.56 153.23 3.85 -0.23 7.22 -3.82 20.90 -7.63 -6.89 10.64 -15.92 
-34.2937 36.8072 -16.3724 -1.53 -3.26 50.12 5.95 -27.93 2.41 8.68 47.28 -12.36 -5.21 -19.34 -1.77 -7.09 -3.90 -14.90 8.81 40.24 -15.46 10.04 -29.16 -0.54 -2.67 25.13 11.17 -0.01 1.11 11.03 -10.38 3.06 4.98 11.55 -36.71 -73.95 131.14 -68.80 133.14 11.24 0.65 -6.24 -0.48 3.81 -0.44 -30.90 -50.83 -22.93 169.55 -66.13 170.42 5.16 0.05 -0.60 -6.19 19.55 -5.02 -6.48 11.86 -13.57 
-33.9515 36.4741 -16.4347 -0.99 -4.04 46.20 6.23 -27.18 2.71 9.09 50.29 -9.64 -6.17 -21.60 -2.17 -8.15 -4.37 -14.79 7.71 43.19 -10.80 9.66 -30.48 -0.76 -1.61 25.77 9.95 0.03 1.14 10.14 -11.42 3.31 5.12 13.70 -36.39 -70.35 136.13 -65.87 138.74 11.30 -0.13 -9.03 1.06 4.13 -0.40 -24.90 -39.32 -15.82 175.19 -58.92 175.88 5.50 -0.87 -6.05 -8.43 17.63 -1.74 -6.30 12.72 -9.59 
-33.6015 36.1347 -16.5204 -0.58 -4.64 41.81 6.33 -26.44 3.03 9.25 53.08 -6.26 -7.46 -23.69 -2.65 -9.08 -5.05 -14.14 6.04 45.51 -6.29 9.45 -32.03 -0.75 -0.64 26.18 8.58 0.06 1.15 9.04 -12.38 3.58 5.23 15.97 -37.16 -65.53 141.82 -62.46 145.11 11.07 -0.93 -11.97 1.99 4.42 -0.47 -22.45 -28.77 -10.57 178.65 -55.24 178.89 5.26 -1.66 -9.15 -9.06 15.61 0.89 -6.44 13.80 -4.93 
-33.2620 35.8309 -16.6238 -0.39 -5.01 37.28 6.40 -25.81 3.53 8.94 55.45 -2.50 -8.85 -25.43 -3.14 -9.87 -5.72 -13.20 4.24 46.71 -2.22 9.39 -33.67 -0.45 0.23 26.34 7.21 0.08 1.16 7.91 -13.47 3.80 5.28 18.86 -40.08 -58.95 147.86 -58.93 151.72 10.41 -1.68 -15.22 2.62 4.62 -0.60 -22.16 -20.01 -5.88 -178.48 -53.81 -178.78 4.68 -1.69 -10.43 -7.84 14.12 2.63 -6.67 14.99 -0.02 
-32.9555 35.6367 -16.7521 -0.49 -5.11 32.86 6.61 -25.31 4.29 8.09 56.98 1.42 -10.06 -26.60 -3.53 -10.72 -7.15 -12.20 2.77 48.10 1.08 9.55 -34.02 0.23 1.09 26.40 5.89 0.10 1.16 6.83 -14.77 3.92 5.18 22.98 -45.95 -49.19 153.90 -56.29 157.83 9.53 -2.17 -18.29 3.06 4.70 -0.82 -22.92 -13.55 -1.51 -175.86 -53.72 -176.66 3.97 -1.41 -10.45 -5.22 13.31 3.64 -6.52 16.39 4.67 
-32.7092 35.6145 -16.9257 -0.92 -4.84 28.77 6.96 -24.99 5.21 6.80 57.36 5.28 -10.91 -26.99 -3.71 -11.20 -8.79 -11.19 1.45 48.40 3.79 9.73 -33.39 0.86 1.97 26.54 4.54 0.13 1.16 5.73 -15.57 3.98 4.92 29.11 -54.44 -34.58 159.79 -55.71 163.08 8.86 -2.05 -19.71 3.40 4.65 -1.15 -23.96 -9.49 2.25 -173.50 -54.33 -174.71 3.45 -1.39 -9.85 -1.90 12.91 4.28 -5.68 18.16 8.85 
-32.5424 35.8035 -17.1657 -1.65 -4.11 25.18 7.36 -24.85 6.08 5.40 56.35 8.81 -11.29 -26.49 -3.61 -11.13 -10.37 -10.20 0.34 47.10 5.99 9.77 -31.85 1.11 2.84 26.89 2.98 0.15 1.18 4.41 -14.71 3.96 4.55 40.39 -63.62 -12.54 165.74 -58.07 167.83 8.44 -1.62 -18.83 3.81 4.45 -1.50 -24.92 -7.71 5.16 -171.55 -55.13 -173.05 3.34 -1.60 -9.20 1.42 12.77 4.94 -4.37 20.09 12.53 
-32.4550 36.1937 -17.4805 -2.62 -2.92 22.20 7.72 -24.91 6.74 4.22 53.94 11.75 -11.20 -25.12 -3.25 -10.57 -11.72 -9.29 -0.37 44.14 7.72 9.60 -29.44 0.87 3.81 27.43 1.12 0.17 1.20 2.81 -11.80 3.79 4.19 64.27 -69.62 22.25 172.67 -64.47 173.38 8.52 -1.20 -16.83 4.38 4.06 -1.75 -25.77 -7.66 7.33 -170.05 -55.75 -171.75 3.36 -1.70 -8.85 4.18 13.15 5.86 -3.07 21.59 15.77 
-32.4292 36.7175 -17.8568 -3.77 -1.34 19.93 8.04 -25.15 7.15 3.44 50.47 13.94 -10.70 -23.07 -2.72 -9.75 -12.70 -8.58 -0.50 39.74 8.97 9.25 -26.31 0.29 5.12 28.02 -0.99 0.21 1.23 1.10 -7.67 3.40 4.00 95.62 -68.08 61.40 -174.84 -76.52 -174.98 9.50 -1.14 -16.32 5.00 3.51 -1.86 -26.53 -8.40 8.82 -169.01 -56.00 -170.85 3.03 -1.58 -8.82 6.00 14.36 7.12 -1.90 22.06 18.47 
-32.4395 37.2641 -18.2592 -5.00 0.42 18.44 8.38 -25.61 7.41 3.01 46.58 15.36 -9.92 -20.74 -2.17 -8.86 -13.27 -8.14 -0.18 34.49 9.63 8.97 -22.80 -0.36 6.92 28.50 -3.20 0.26 1.25 -0.51 -3.33 2.87 4.08 116.92 -61.24 84.18 -34.29 -82.50 -34.06 10.59 -3.51 -18.67 5.47 2.88 -1.89 -27.25 -9.13 9.48 -168.48 -55.92 -170.42 2.15 -1.33 -9.00 6.77 16.25 8.74 -0.62 21.53 20.64 
-32.4577 37.7205 -18.6414 -6.20 2.12 17.74 8.77 -26.31 7.62 2.76 43.07 16.01 -8.99 -18.61 -1.71 -7.98 -13.58 -7.85 0.26 29.39 9.49 8.98 -19.47 -0.84 9.09 28.78 -5.37 0.33 1.27 -1.91 1.01 2.37 4.39 130.72 -53.86 92.33 -9.56 -56.55 -8.00 9.79 -9.13 -23.64 5.68 2.32 -1.94 -27.87 -9.63 9.30 -168.46 -55.64 -170.43 1.01 -1.06 -9.25 6.67 18.15 10.68 0.83 20.57 22.54 
-32.4534 38.0212 -18.9632 -7.22 3.52 17.59 9.17 -27.19 7.85 2.54 40.61 16.07 -8.09 -17.11 -1.39 -7.22 -13.85 -7.56 0.51 25.44 8.66 9.27 -16.88 -1.07 11.28 28.92 -7.34 0.40 1.29 -3.09 5.55 2.01 4.76 140.26 -48.13 91.50 -7.27 -27.93 -3.42 7.00 -13.29 -33.89 5.72 1.95 -2.06 -28.15 -10.08 8.74 -168.72 -55.34 -170.68 0.21 -0.87 -9.35 5.89 19.43 12.78 2.08 19.66 24.48 
-32.4008 38.1598 -19.2012 -7.90 4.51 17.61 9.40 -28.10 8.02 2.33 39.47 15.91 -7.40 -16.39 -1.22 -6.74 -14.25 -7.28 0.53 23.20 7.62 9.70 -15.34 -1.08 13.11 29.07 -8.89 0.46 1.31 -3.95 9.51 1.85 4.96 145.54 -45.05 87.61 -8.65 -7.19 -1.09 5.91 -13.45 -46.42 5.66 1.78 -2.16 -27.85 -10.47 8.23 -169.05 -55.08 -170.98 0.13 -0.88 -9.12 4.56 19.92 14.81 2.82 18.79 26.39 
-32.2951 38.1621 -19.3457 -8.12 5.05 17.53 9.23 -28.86 7.90 2.23 39.52 15.90 -7.06 -16.38 -1.15 -6.77 -14.78 -7.21 0.43 22.77 6.83 10.13 -14.85 -0.89 14.29 29.31 -9.74 0.50 1.32 -4.34 11.41 1.86 4.91 147.24 -44.82 89.43 -7.35 1.14 0.15 5.98 -13.24 -52.03 5.61 1.78 -2.13 -26.98 -10.62 7.82 -169.40 -54.87 -171.30 0.63 -1.08 -8.70 2.92 19.76 16.46 2.99 17.88 27.95 
-32.1614 38.0587 -19.3967 -7.83 5.14 17.51 8.51 -29.34 7.37 2.33 40.41 16.01 -7.06 -16.86 -1.16 -7.35 -15.37 -7.44 0.31 23.99 6.22 10.54 -15.32 -0.53 14.76 29.64 -9.88 0.52 1.34 -4.23 10.70 2.03 4.71 145.87 -47.10 98.16 -2.31 -4.56 -0.18 5.98 -13.02 -48.49 5.70 1.93 -1.90 -26.01 -10.68 7.47 -169.78 -54.77 -171.63 1.08 -1.27 -8.44 1.55 19.16 17.41 2.69 17.06 28.93 
-32.0430 37.8771 -19.3677 -7.21 4.82 17.97 7.43 -29.58 6.51 2.61 41.83 15.85 -7.25 -17.65 -1.22 -8.20 -15.86 -7.83 0.11 26.48 5.38 11.02 -16.57 -0.05 14.81 29.98 -9.58 0.53 1.35 -3.83 8.47 2.29 4.39 141.51 -51.40 103.67 -0.96 -22.77 -0.37 7.78 -13.01 -39.14 6.12 2.17 -1.54 -25.55 -11.43 7.38 -170.02 -55.07 -171.79 1.04 -1.28 -8.50 0.96 18.09 17.48 1.98 16.43 29.26 
-31.9790 37.6541 -19.2866 -6.59 4.19 19.20 6.42 -29.72 5.65 3.00 43.51 14.97 -7.38 -18.57 -1.34 -8.92 -16.09 -8.17 -0.13 29.44 4.08 11.63 -18.23 0.42 14.91 30.29 -9.21 0.53 1.36 -3.34 6.41 2.57 3.99 135.02 -56.88 101.20 -3.91 -42.92 -2.66 10.39 -12.23 -33.13 6.77 2.43 -1.24 -25.89 -13.73 7.61 -169.98 -55.99 -171.67 0.86 -1.20 -8.68 1.14 16.39 16.81 1.02 15.67 28.93 
-31.9891 37.4420 -19.1794 -6.22 3.49 21.20 5.84 -29.97 5.06 3.39 45.09 13.28 -7.25 -19.44 -1.47 -9.31 -15.93 -8.50 -0.17 32.02 2.49 12.19 -19.88 0.74 15.31 30.49 -8.91 0.55 1.37 -2.81 5.09 2.80 3.61 125.52 -63.49 91.58 -8.80 -59.91 -7.63 11.05 -10.61 -30.74 7.31 2.65 -1.09 -26.63 -17.98 7.58 -170.03 -57.42 -171.58 1.36 -1.22 -8.80 1.73 13.88 15.65 0.06 14.35 27.86 
-32.0756 37.2856 -19.0491 -6.08 2.94 23.86 5.60 -30.34 4.71 3.67 46.22 10.96 -6.79 -20.04 -1.57 -9.53 -15.40 -8.98 0.20 33.77 0.78 12.51 -21.31 0.87 15.72 30.39 -8.44 0.57 1.37 -2.12 3.69 2.95 3.30 107.46 -71.09 70.26 -13.71 -73.71 -13.18 10.39 -8.47 -29.44 7.58 2.80 -1.01 -27.24 -23.97 6.25 -170.91 -58.92 -172.20 2.73 -1.34 -8.88 2.63 10.65 14.09 -0.75 12.59 26.02 
-32.2339 37.1967 -18.8752 -5.88 2.59 27.25 5.24 -30.71 4.24 3.87 46.69 8.15 -6.08 -20.24 -1.58 -9.81 -14.48 -9.70 0.88 34.81 -1.35 12.70 -22.55 0.98 15.50 29.78 -7.43 0.58 1.33 -1.21 1.41 3.01 2.99 68.00 -75.87 24.21 -11.18 -83.87 -11.12 9.98 -6.19 -27.96 7.75 2.87 -0.88 -27.78 -31.26 2.62 -173.21 -60.25 -174.10 4.04 -1.36 -8.95 4.10 6.97 12.03 -1.46 11.05 23.49 
-32.4610 37.1615 -18.6384 -5.42 2.37 31.48 4.35 -30.87 3.26 4.24 46.53 4.82 -5.32 -20.03 -1.54 -10.07 -13.12 -10.43 1.66 35.41 -4.54 13.11 -23.65 1.27 14.35 28.63 -5.72 0.55 1.28 -0.01 -1.41 2.95 2.62 26.65 -72.03 -25.36 56.51 -87.94 56.49 9.50 -4.67 -26.45 8.01 2.85 -0.70 -29.32 -39.72 -4.21 -177.19 -61.63 -177.53 4.45 -0.96 -8.80 6.15 3.18 9.47 -1.98 10.21 20.21 
-32.7579 37.1670 -18.3448 -4.72 2.14 36.45 3.00 -30.73 1.77 4.94 45.85 1.02 -4.73 -19.43 -1.49 -9.90 -11.40 -10.75 2.25 35.67 -9.19 14.02 -24.53 1.80 12.57 27.18 -3.42 0.51 1.20 1.53 -3.71 2.73 2.24 8.58 -64.32 -50.77 86.51 -86.44 86.51 8.94 -3.75 -24.92 8.00 2.72 -0.57 -33.85 -49.41 -15.36 177.00 -63.40 177.31 4.41 -0.02 -7.82 8.18 -0.28 6.51 -1.93 9.90 15.87 
-33.1262 37.2090 -18.0267 -3.95 1.91 41.68 1.59 -30.39 0.14 5.83 44.75 -2.86 -4.38 -18.47 -1.45 -8.97 -9.68 -10.43 2.36 35.61 -14.90 15.38 -24.98 2.41 10.64 25.71 -0.74 0.45 1.13 3.47 -4.92 2.33 1.94 0.89 -57.52 -64.42 79.69 -85.45 79.65 9.15 -2.97 -23.21 7.04 2.49 -0.52 -44.60 -59.60 -32.25 169.24 -66.59 170.11 4.90 1.04 -4.97 9.64 -2.71 3.30 -0.94 9.62 10.34 
-33.5610 37.2800 -17.7203 -3.29 1.83 46.60 0.45 -30.09 -1.23 6.53 43.30 -6.31 -4.25 -17.18 -1.40 -7.51 -8.36 -9.70 1.98 35.30 -20.73 16.85 -24.91 3.24 8.66 24.28 2.15 0.39 1.06 5.67 -5.18 1.85 1.85 -3.12 -53.11 -74.21 79.40 -84.68 79.35 10.14 -2.69 -21.51 4.82 2.17 -0.55 -67.08 -67.89 -58.13 155.54 -74.00 156.39 5.47 1.25 0.65 10.79 -3.51 0.00 0.92 9.16 4.25 
-34.0439 37.3666 -17.4396 -2.80 1.96 50.86 -0.31 -29.93 -2.13 6.83 41.59 -9.10 -4.25 -15.66 -1.32 -5.95 -7.65 -8.97 1.46 34.96 -25.86 17.88 -24.60 3.38 6.46 22.78 5.08 0.32 0.99 7.85 -4.85 1.41 1.99 -5.97 -51.19 -83.16 88.02 -83.85 88.01 11.19 -3.02 -19.94 1.65 1.82 -0.66 -102.15 -70.11 -93.25 74.43 -82.63 74.30 4.59 -0.48 8.27 12.49 -2.64 -3.11 3.31 8.89 -1.18 
-34.5450 37.4564 -17.1679 -2.50 2.18 54.44 -0.66 -29.88 -2.57 6.84 39.79 -11.48 -4.34 -14.07 -1.22 -4.60 -7.29 -8.44 1.23 34.53 -30.05 18.31 -24.26 3.33 4.11 21.22 7.78 0.24 0.92 9.78 -4.25 1.17 2.32 -8.71 -51.03 -91.71 99.00 -82.73 99.07 11.76 -3.17 -18.44 -1.93 1.55 -0.81 -129.78 -65.63 -117.57 8.45 -63.60 7.58 2.24 -4.49 14.88 15.05 -0.79 -5.76 6.00 9.39 -5.08 
-35.0352 37.5398 -16.8735 -2.39 2.25 57.58 -0.63 -29.85 -2.69 6.86 38.05 -13.85 -4.55 -12.58 -1.10 -3.26 -6.96 -7.99 1.37 33.88 -33.56 18.22 -24.03 3.15 1.86 19.75 10.03 0.15 0.86 11.34 -3.81 1.25 2.77 -11.39 -51.86 -99.33 108.31 -81.34 108.50 11.76 -2.71 -17.13 -5.53 1.51 -0.96 -142.28 -59.37 -122.63 -3.35 -38.31 -2.08 -0.52 -8.21 15.78 17.96 1.17 -7.85 8.96 10.85 -7.58 
-35.4968 37.5960 -16.5400 -2.37 2.09 60.64 -0.41 -29.86 -2.72 7.07 36.53 -16.44 -4.88 -11.29 -0.99 -1.79 -6.53 -7.53 1.69 33.11 -36.71 17.88 -23.95 2.95 -0.13 18.66 11.72 0.07 0.82 12.43 -3.98 1.62 3.26 -13.58 -53.18 -105.58 115.18 -79.77 115.53 11.49 -2.05 -16.29 -8.70 1.73 -1.05 -145.11 -54.68 -115.10 -6.09 -19.22 -2.01 -2.28 -8.97 11.90 20.52 2.72 -9.49 12.00 12.70 -9.37 
-35.9214 37.5885 -16.1864 -2.25 1.80 63.77 -0.30 -29.99 -2.87 7.46 35.50 -19.16 -5.26 -10.29 -0.90 -0.37 -6.15 -7.11 2.10 32.79 -39.52 17.62 -24.21 2.84 -2.04 18.18 12.76 -0.00 0.81 12.91 -4.91 2.12 3.77 -14.69 -54.61 -110.13 119.32 -78.11 119.85 11.20 -1.68 -16.10 -10.83 2.12 -1.12 -142.00 -52.20 -103.47 -4.53 -11.74 -0.92 -2.18 -8.96 10.00 22.28 3.79 -10.77 14.67 14.21 -10.94 
-36.3053 37.4879 -15.8590 -1.88 1.52 66.81 -0.40 -30.29 -3.18 7.91 35.24 -21.73 -5.61 -9.66 -0.85 0.53 -6.01 -7.00 2.83 33.49 -41.62 17.54 -25.08 2.95 -4.01 18.42 13.20 -0.08 0.83 12.73 -6.34 2.57 4.31 -14.15 -55.86 -112.51 120.82 -76.50 121.53 10.82 -1.59 -16.47 -11.72 2.56 -1.20 -135.43 -51.43 -94.28 -2.70 -15.31 -0.71 -2.07 -9.58 11.56 22.97 4.62 -11.73 16.46 15.17 -12.36 
-36.6505 37.3011 -15.6016 -1.27 1.21 69.23 -0.55 -30.74 -3.50 8.36 35.86 -23.83 -5.85 -9.48 -0.85 0.70 -6.08 -7.32 4.07 35.17 -42.53 17.45 -26.55 3.25 -5.82 19.22 13.26 -0.16 0.87 12.19 -7.92 2.94 4.83 -11.82 -56.69 -112.19 120.82 -75.13 121.68 10.28 -1.51 -17.02 -11.68 2.99 -1.22 -126.52 -51.93 -87.79 -1.24 -26.59 -0.56 -2.96 -9.95 12.85 22.45 5.52 -12.34 17.19 15.68 -13.56 
-36.9685 37.0714 -15.4325 -0.56 0.83 70.47 -0.45 -31.24 -3.62 8.78 37.12 -25.16 -6.05 -9.68 -0.91 0.38 -6.29 -7.87 5.53 37.30 -42.23 17.15 -28.25 3.61 -7.22 20.26 13.34 -0.21 0.92 11.77 -9.33 3.25 5.26 -8.17 -56.93 -109.10 120.66 -74.19 121.64 9.79 -1.45 -17.49 -11.17 3.38 -1.10 -115.40 -52.90 -80.64 1.34 -42.13 0.90 -4.26 -9.43 11.61 20.81 6.56 -12.53 17.00 15.77 -14.51 
-37.2760 36.8486 -15.3469 0.10 0.39 70.30 0.05 -31.68 -3.43 9.10 38.57 -25.49 -6.33 -10.07 -1.00 -0.03 -6.68 -8.26 6.69 39.48 -41.14 16.70 -29.74 3.90 -8.22 21.23 13.71 -0.25 0.97 11.77 -10.35 3.48 5.58 -3.77 -56.35 -103.72 121.07 -73.57 122.13 9.59 -1.59 -17.90 -10.28 3.72 -0.86 -102.24 -53.39 -70.73 6.49 -59.14 5.58 -5.00 -7.93 9.25 18.49 7.58 -12.29 16.12 15.37 -15.12 
-37.5825 36.6624 -15.3334 0.59 -0.10 68.89 0.96 -31.99 -2.93 9.32 39.87 -24.83 -6.81 -10.49 -1.11 -0.22 -7.33 -8.21 7.20 41.49 -39.67 16.22 -30.78 4.09 -8.87 22.05 14.25 -0.27 1.01 12.08 -10.98 3.60 5.79 1.44 -54.66 -96.47 122.23 -72.83 123.42 9.61 -1.86 -18.36 -8.76 3.98 -0.64 -87.81 -52.96 -57.82 18.86 -75.58 18.30 -4.79 -5.85 7.47 15.87 8.32 -11.60 14.65 14.63 -15.16 
-37.8819 36.5163 -15.3828 0.83 -0.71 66.61 2.26 -32.21 -2.21 9.57 40.99 -23.51 -7.50 -10.90 -1.22 -0.01 -8.19 -7.72 7.09 43.23 -37.86 15.70 -31.39 4.16 -8.96 22.83 14.50 -0.27 1.05 12.27 -11.45 3.59 5.95 7.80 -51.38 -87.52 124.41 -71.43 125.85 9.63 -2.03 -18.74 -6.55 4.16 -0.49 -72.94 -51.72 -41.84 106.07 -85.95 106.10 -3.88 -4.10 6.60 12.88 8.54 -10.33 12.74 13.91 -14.42 
-38.1555 36.4029 -15.4834 0.71 -1.56 63.78 3.98 -32.42 -1.22 9.89 42.11 -21.88 -8.24 -11.38 -1.34 0.58 -9.14 -7.01 6.71 44.58 -35.65 14.95 -31.73 4.08 -8.18 23.71 14.04 -0.23 1.08 12.03 -12.07 3.52 6.07 14.87 -45.89 -77.46 127.72 -69.26 129.59 9.81 -2.12 -18.72 -4.01 4.28 -0.34 -58.22 -49.47 -22.87 173.44 -78.37 173.57 -2.67 -3.31 6.48 9.14 8.04 -8.26 10.67 13.55 -12.88 
-38.3804 36.3217 -15.6159 0.22 -2.53 60.62 6.04 -32.67 0.12 10.09 43.36 -19.89 -8.81 -11.93 -1.44 1.32 -10.05 -6.30 6.42 45.49 -33.09 13.88 -31.91 3.86 -6.59 24.68 12.82 -0.17 1.11 11.29 -12.77 3.46 6.11 21.15 -37.86 -67.45 131.77 -66.75 134.19 10.59 -2.55 -18.25 -1.65 4.38 -0.15 -44.72 -45.48 -2.94 -172.67 -73.05 -172.99 -1.80 -3.08 6.90 4.58 6.45 -5.41 8.65 13.74 -10.67 
-38.5342 36.2856 -15.7611 -0.54 -3.36 57.27 8.24 -32.88 1.90 9.85 44.63 -17.11 -9.07 -12.44 -1.48 2.00 -10.86 -5.66 6.12 45.93 -30.25 12.65 -31.90 3.55 -4.76 25.62 11.22 -0.10 1.14 10.25 -13.02 3.45 6.09 25.16 -27.74 -58.40 135.85 -64.59 138.76 11.96 -3.51 -17.58 0.26 4.43 0.06 -34.21 -39.48 13.98 -162.64 -71.66 -163.47 -2.03 -3.03 7.67 -0.13 3.40 -2.23 6.50 14.56 -7.88 
-38.6001 36.3146 -15.9151 -1.47 -3.81 53.74 10.41 -32.95 4.10 8.97 45.69 -13.36 -9.02 -12.85 -1.46 2.55 -11.62 -5.01 5.47 45.89 -27.06 11.44 -31.62 3.22 -3.24 26.33 9.76 -0.05 1.17 9.27 -12.22 3.47 6.02 26.57 -16.79 -50.67 139.46 -63.19 142.64 13.24 -4.61 -17.04 1.66 4.42 0.26 -27.78 -32.48 24.78 -152.98 -73.26 -153.97 -3.24 -3.56 8.86 -4.02 -0.99 0.64 3.81 15.88 -4.58 
-38.5686 36.4264 -16.0951 -2.53 -3.75 50.05 12.37 -32.87 6.57 7.40 46.23 -9.10 -8.60 -13.10 -1.39 2.89 -12.40 -4.38 4.39 45.25 -23.44 10.32 -30.94 2.86 -2.25 26.59 8.89 -0.01 1.17 8.73 -10.31 3.38 5.94 26.50 -6.59 -44.68 142.19 -62.37 145.49 13.83 -5.42 -16.83 2.44 4.24 0.51 -24.83 -25.88 29.19 -141.78 -76.91 -142.51 -4.38 -4.70 10.56 -6.57 -5.96 2.79 0.52 17.35 -1.08 
-38.4299 36.6242 -16.3185 -3.67 -3.05 46.34 13.78 -32.81 8.90 5.28 45.99 -5.00 -7.74 -13.11 -1.25 2.77 -13.26 -3.95 3.13 43.92 -19.57 9.33 -29.86 2.50 -1.74 26.17 8.72 0.01 1.15 8.75 -7.80 3.06 5.90 26.97 1.55 -41.10 143.88 -61.54 147.32 13.85 -6.00 -16.88 2.33 3.80 0.84 -23.88 -20.26 28.97 -122.71 -81.38 -123.01 -5.10 -5.81 12.68 -8.00 -10.54 4.21 -2.90 18.48 2.01 
-38.1647 36.8810 -16.5690 -4.67 -1.66 42.97 14.18 -32.98 10.58 2.95 44.94 -1.15 -6.49 -12.77 -1.00 2.00 -14.11 -3.92 1.96 41.98 -15.83 8.64 -28.52 2.21 -1.69 25.02 9.11 0.01 1.10 9.19 -5.27 2.53 5.99 29.52 6.93 -39.87 144.90 -60.26 148.61 13.79 -6.52 -16.91 1.28 3.12 1.18 -23.69 -15.51 26.34 -78.63 -84.11 -78.57 -6.00 -6.53 15.03 -8.93 -14.09 5.04 -5.76 18.89 4.13 
-37.7514 37.1308 -16.7856 -5.33 0.13 40.35 13.43 -33.43 11.26 0.84 43.53 2.87 -5.17 -12.26 -0.72 0.65 -14.76 -4.27 0.92 39.80 -12.54 8.43 -27.25 2.09 -1.90 23.32 9.66 0.00 1.03 9.69 -2.94 1.98 6.20 34.12 9.39 -39.45 145.99 -58.83 150.00 13.61 -6.68 -16.71 -0.30 2.37 1.43 -24.02 -11.55 23.13 -31.91 -82.03 -31.66 -7.55 -7.22 17.11 -9.73 -16.35 5.42 -7.68 18.54 5.15 
-37.1876 37.2723 -16.8950 -5.57 1.66 38.79 11.75 -34.02 10.89 -0.67 42.80 7.00 -4.03 -12.26 0.40 -0.91 -15.02 -4.80 0.13 38.28 -10.01 8.75 -26.61 2.22 -2.02 21.45 9.94 -0.01 0.95 9.93 -0.82 1.55 6.36 39.78 9.02 -37.61 147.49 -58.21 151.56 12.77 -6.18 -16.16 -1.71 1.72 1.52 -25.28 -8.55 20.47 -12.12 -77.38 -11.83 -9.30 -8.36 18.24 -10.43 -17.33 5.52 -8.68 17.77 5.43 
-36.5081 37.1975 -16.8595 -5.34 2.29 38.55 9.93 -34.46 9.72 -1.31 43.65 10.17 -3.66 -13.23 -0.62 -2.37 -14.78 -5.35 -0.33 38.59 -8.77 9.74 -27.27 2.61 -1.78 19.88 9.63 -0.01 0.88 9.68 0.98 1.22 6.33 45.80 5.74 -32.91 149.03 -59.49 152.66 11.59 -5.45 -14.64 -2.49 1.23 1.44 -27.68 -6.79 18.66 -2.42 -71.47 -2.30 -10.41 -9.93 18.39 -10.85 -17.19 5.43 -8.90 17.13 5.35 
-35.7696 36.8927 -16.7009 -4.46 1.77 39.80 7.51 -34.42 7.69 -0.83 46.40 11.04 -3.70 -15.42 -0.78 -3.46 -13.59 -5.81 -0.78 40.64 -9.14 11.63 -29.14 3.17 -1.28 19.02 8.68 0.01 0.84 8.82 2.22 0.89 6.08 52.17 -0.95 -25.23 149.57 -63.78 152.21 11.70 -5.04 -11.35 -2.63 0.82 1.22 -30.65 -6.30 17.15 3.98 -64.10 3.58 -10.75 -11.55 18.52 -11.02 -16.25 5.20 -8.35 16.93 4.99 
-35.0296 36.4699 -16.4728 -2.72 0.33 42.46 4.34 -33.41 4.86 0.84 49.87 9.34 -3.87 -18.07 -0.94 -4.11 -10.92 -6.16 -1.39 43.05 -10.36 14.03 -31.45 3.63 -0.91 19.02 7.24 0.01 0.84 7.41 2.80 0.56 5.65 58.88 -11.23 -15.50 146.84 -72.03 148.13 14.13 -4.74 -7.17 -2.39 0.47 0.95 -33.32 -6.87 15.15 8.64 -55.12 7.11 -10.77 -12.80 19.69 -11.05 -14.95 4.81 -7.12 17.23 4.30 
-34.3361 36.0603 -16.2143 -0.19 -1.56 45.95 0.92 -31.19 1.88 3.19 52.91 6.20 -3.81 -20.50 -1.00 -4.58 -8.58 -6.34 -2.16 47.46 -10.43 15.84 -32.52 4.21 -0.98 19.76 5.69 -0.00 0.87 5.74 2.94 0.35 5.01 65.67 -24.05 -4.72 123.29 -83.85 123.44 17.67 -4.58 -4.76 -1.97 0.28 0.71 -35.29 -8.31 12.36 11.83 -44.92 8.41 -10.69 -13.52 22.45 -10.97 -13.68 4.36 -5.46 17.96 3.36 
-33.7347 35.7584 -15.9258 2.65 -3.71 49.46 -1.42 -28.03 -0.12 5.36 55.12 2.80 -3.42 -22.50 -0.98 -5.49 -13.66 -6.05 -4.20 63.23 -6.94 16.26 -22.27 4.60 -1.35 20.97 4.30 -0.03 0.92 4.13 3.04 0.39 4.16 72.36 -37.36 6.96 -4.42 -78.73 -4.34 20.36 -5.89 -6.02 -1.46 0.33 0.52 -36.68 -10.47 9.23 13.75 -34.46 7.88 -10.02 -13.78 26.92 -10.75 -12.64 3.97 -3.66 19.08 2.41 
-33.2698 35.5537 -15.5888 5.35 -6.28 52.48 -1.69 -24.52 -0.36 7.04 56.85 -0.90 -2.63 -24.27 -0.89 -4.90 -21.98 -5.71 -9.05 79.09 1.30 9.85 -11.96 0.64 -1.68 22.60 3.10 -0.05 0.99 2.71 3.49 0.60 3.20 79.01 -49.22 19.90 -15.27 -61.61 -13.51 21.29 -9.39 -10.97 -0.96 0.56 0.39 -37.60 -13.02 6.52 14.79 -25.19 6.41 -8.45 -13.48 32.59 -10.45 -11.83 3.74 -1.74 20.52 1.64 
-32.9450 35.5030 -15.1905 7.93 -9.47 55.24 0.09 -20.53 0.91 8.41 57.84 -5.36 -1.36 -25.63 -0.75 -3.92 -30.59 -5.91 -149.01 88.06 145.28 9.06 -12.47 0.77 -1.75 24.93 1.83 -0.06 1.09 1.28 4.39 0.84 2.28 85.92 -58.68 34.35 -16.42 -44.07 -11.59 20.59 -13.88 -18.36 -0.63 0.80 0.28 -37.97 -15.30 4.81 15.32 -18.50 4.97 -6.70 -12.64 37.71 -10.17 -11.14 3.70 0.42 22.05 1.06 
-32.7260 35.6214 -14.7355 10.84 -13.24 58.35 3.01 -15.81 2.71 10.00 57.90 -10.58 0.06 -26.39 -0.58 -3.54 -40.09 -7.94 -179.10 81.39 179.11 9.69 -13.13 0.97 -1.53 28.34 0.27 -0.06 1.24 -0.36 5.52 1.02 1.50 93.64 -65.67 50.20 -14.39 -27.99 -6.87 19.05 -17.62 -26.19 -0.55 0.99 0.17 -37.83 -16.66 4.17 15.64 -14.94 4.13 -5.79 -11.78 40.05 -9.94 -10.32 3.80 2.89 23.37 0.58 
-32.5614 35.8866 -14.2320 14.34 -17.35 62.16 6.13 -10.37 4.20 12.35 57.03 -16.20 1.23 -26.67 0.76 -5.05 -49.26 -12.07 174.09 80.59 -171.02 11.44 -13.01 1.11 -0.99 32.82 -1.55 -0.06 1.44 -2.17 6.51 1.19 0.86 102.51 -70.50 66.83 -10.66 -15.01 -2.79 17.72 -19.81 -32.28 -0.68 1.17 0.01 -37.52 -16.85 4.14 15.90 -13.72 3.86 -5.79 -11.38 38.88 -9.70 -8.97 4.04 5.51 24.30 0.22 
-32.4192 36.2539 -13.6861 18.12 -21.51 66.42 9.64 -4.90 5.22 15.30 55.42 -21.74 1.66 -26.63 1.05 -8.72 -57.08 -17.36 148.83 84.85 -143.49 13.28 -12.67 1.15 -0.05 37.73 -3.43 -0.05 1.65 -3.83 7.04 1.45 0.40 111.95 -73.66 82.74 -6.59 -6.11 -0.71 16.97 -20.63 -35.77 -0.96 1.45 -0.27 -37.52 -16.02 4.02 16.11 -13.32 3.81 -5.89 -11.23 35.77 -9.37 -6.73 4.52 8.06 24.92 0.09 
-32.2989 36.6631 -13.1144 21.55 -25.42 70.58 13.64 -0.18 6.17 18.05 53.42 -26.62 1.74 -26.48 1.37 -13.96 -63.34 -22.64 43.44 82.66 -36.85 14.40 -12.74 1.14 1.13 42.26 -5.10 -0.03 1.84 -5.02 7.12 1.82 0.17 120.44 -75.71 95.79 -3.50 -1.31 -0.08 16.71 -20.55 -36.89 -1.38 1.84 -0.69 -38.11 -14.45 3.26 16.17 -12.51 3.59 -5.38 -10.81 33.20 -8.88 -3.38 5.29 10.36 25.43 0.34 
-32.2006 37.0407 -12.5507 24.24 -28.69 74.31 17.88 3.14 7.40 19.85 51.60 -29.88 1.74 -26.28 1.71 -20.54 -67.98 -27.61 21.71 69.53 -15.35 14.60 -12.65 1.12 2.09 45.91 -6.30 -0.02 2.00 -5.76 7.01 2.21 0.17 126.37 -77.08 104.11 -2.12 0.07 0.00 16.93 -20.13 -36.24 -1.96 2.26 -1.24 -39.32 -12.22 1.60 15.91 -10.90 3.09 -4.45 -10.11 32.47 -8.13 1.18 6.25 12.22 25.85 1.08 
-32.0863 37.3112 -12.0271 26.38 -31.01 77.75 21.57 5.03 8.84 20.73 50.51 -30.68 1.62 -26.16 1.94 -27.72 -70.50 -32.03 14.07 53.17 -9.59 14.64 -11.37 1.00 2.50 48.79 -7.05 -0.02 2.13 -6.29 6.90 2.54 0.30 128.64 -77.95 106.67 -2.38 -1.10 -0.05 17.54 -19.86 -34.64 -2.68 2.63 -1.82 -41.21 -9.25 -1.08 15.21 -8.76 2.37 -3.77 -9.64 32.84 -7.08 6.90 7.21 13.52 25.92 2.32 
-31.8562 37.3989 -11.5294 28.59 -32.36 81.22 24.18 6.10 10.11 21.48 50.52 -29.41 1.22 -26.58 1.94 -33.33 -70.61 -34.73 8.59 35.90 -7.70 15.24 -8.50 0.55 2.43 51.42 -7.53 -0.04 2.24 -6.81 6.90 2.76 0.44 126.95 -78.26 103.69 -3.63 -3.97 -0.25 18.23 -19.86 -33.03 -3.48 2.90 -2.34 -43.92 -5.58 -4.70 14.05 -6.52 1.63 -3.67 -9.64 32.53 -5.91 13.24 8.03 14.32 25.45 3.91 
-31.4270 37.2986 -11.0153 31.26 -33.15 84.67 26.02 7.26 10.84 22.92 51.42 -27.89 0.38 -27.86 1.62 -38.66 -69.79 -37.99 5.18 22.97 -8.71 15.64 -5.47 -0.09 2.22 54.24 -7.87 -0.07 2.36 -7.26 6.98 2.92 0.60 122.27 -77.93 97.00 -5.08 -7.74 -0.69 18.62 -19.82 -31.84 -4.35 3.10 -2.78 -47.47 -1.64 -8.97 12.51 -4.46 0.99 -3.99 -9.57 30.29 -4.97 19.07 8.66 14.80 24.54 5.52 
-31.0119 37.1814 -10.5689 34.14 -34.07 87.42 27.70 8.98 11.00 24.81 52.15 -27.63 -0.63 -29.22 1.38 -45.20 -70.04 -43.78 4.35 19.02 -11.17 15.00 -4.49 -0.29 1.96 57.26 -7.74 -0.08 2.48 -7.23 7.10 3.07 0.86 116.46 -76.98 89.35 -6.14 -11.56 -1.24 18.70 -19.37 -30.82 -5.34 3.30 -3.14 -51.57 1.82 -13.48 10.69 -2.56 0.48 -4.66 -8.67 25.99 -4.42 23.27 9.09 15.00 23.40 6.83 
-30.7791 37.0949 -10.2415 36.44 -35.45 88.82 29.46 10.63 10.86 26.85 52.75 -29.04 -1.36 -30.12 1.56 -50.57 -71.38 -49.50 5.04 21.06 -12.96 13.97 -4.96 -0.20 1.28 59.95 -6.77 -0.10 2.59 -6.59 7.17 3.21 1.23 110.72 -75.50 82.47 -6.64 -14.58 -1.68 18.79 -18.56 -29.57 -6.32 3.46 -3.40 -55.80 4.14 -17.85 8.72 -0.65 0.10 -5.87 -6.95 20.46 -4.09 25.39 9.16 14.82 22.11 7.69 
-30.7020 36.9983 -10.0195 37.33 -36.99 88.86 30.97 10.76 10.66 29.50 54.30 -31.79 -1.83 -29.88 1.95 -53.37 -73.09 -53.06 6.00 24.21 -12.57 13.62 -5.68 -0.10 0.10 61.67 -5.19 -0.11 2.66 -5.71 7.09 3.26 1.60 105.11 -73.64 76.32 -6.80 -16.17 -1.90 19.14 -17.91 -28.11 -7.09 3.51 -3.54 -59.84 5.08 -21.64 6.87 1.05 -0.13 -7.65 -5.14 14.99 -3.75 25.76 8.81 14.27 20.67 8.12 
-30.7429 36.8915 -9.9196 36.58 -38.12 87.96 31.77 9.65 10.45 31.51 55.84 -33.66 -2.24 -29.43 2.21 -52.54 -74.39 -52.81 6.52 25.62 -10.06 14.27 -6.17 -0.04 -1.26 62.21 -3.67 -0.13 2.69 -5.05 6.86 3.18 1.85 99.45 -71.54 70.27 -6.92 -16.19 -1.94 19.63 -17.81 -27.06 -7.47 3.41 -3.63 -63.44 4.88 -24.39 5.52 1.79 -0.17 -9.61 -3.85 10.34 -3.41 25.11 8.19 13.60 19.10 8.16 
-30.8633 36.8094 -9.9504 34.80 -38.49 86.79 31.54 7.88 10.16 32.38 56.79 -33.68 -2.77 -29.11 2.21 -48.11 -74.73 -48.73 6.70 25.65 -7.47 15.25 -6.71 0.04 -2.43 61.98 -2.64 -0.15 2.67 -4.81 6.50 3.08 1.91 93.74 -69.38 64.06 -7.20 -15.02 -1.87 19.83 -18.12 -27.11 -7.52 3.31 -3.76 -66.20 4.02 -26.06 4.82 0.64 -0.05 -11.19 -3.13 5.95 -3.24 24.09 7.59 13.15 17.45 7.85 
-31.0331 36.7928 -10.0880 32.68 -38.19 85.75 30.51 6.04 9.76 32.09 56.91 -32.07 -3.33 -28.89 2.01 -41.18 -73.95 -42.32 7.06 25.97 -6.95 15.63 -7.45 0.19 -3.41 61.43 -2.01 -0.18 2.65 -4.84 6.11 3.09 1.83 87.81 -67.30 57.50 -7.72 -13.32 -1.79 19.31 -18.41 -28.39 -7.32 3.32 -4.01 -67.80 2.79 -27.22 4.45 -2.75 0.21 -12.11 -2.64 1.03 -3.21 23.03 7.10 12.98 15.78 7.34 
-31.2390 36.8629 -10.2900 30.38 -37.49 84.81 29.20 4.21 9.42 30.88 56.32 -29.60 -3.72 -28.51 1.77 -33.59 -72.19 -35.68 7.90 27.61 -8.75 15.19 -8.23 0.35 -4.38 60.62 -1.46 -0.20 2.62 -4.94 5.69 3.21 1.71 81.15 -65.19 50.03 -8.66 -11.87 -1.79 18.12 -18.37 -30.21 -6.87 3.44 -4.36 -68.31 1.22 -28.55 4.04 -7.96 0.56 -12.59 -2.11 -4.11 -3.07 21.89 6.62 12.87 14.11 6.85 
-31.4713 37.0141 -10.5191 27.63 -36.51 83.83 28.24 1.98 9.07 28.91 55.14 -26.68 -4.29 -27.70 -1.90 -27.08 -69.83 -30.46 9.21 30.66 -11.46 14.53 -8.97 0.48 -5.41 59.33 -0.93 -0.23 2.56 -5.06 5.12 3.29 1.69 73.72 -62.63 41.31 -10.18 -11.31 -2.02 16.79 -18.00 -31.79 -6.12 3.51 -4.70 -68.12 -0.59 -30.07 3.64 -14.31 0.90 -13.08 -1.64 -8.21 -2.63 20.40 6.06 12.67 12.38 6.48 
-31.7084 37.2252 -10.7549 24.31 -35.14 82.84 26.84 -0.29 9.10 26.17 53.27 -23.34 -4.07 -27.18 -1.72 -22.48 -67.19 -27.25 10.88 34.96 -13.45 14.19 -9.65 0.58 -6.45 57.40 -0.46 -0.26 2.48 -5.17 4.19 3.24 1.80 66.45 -59.30 32.10 -12.18 -11.80 -2.53 15.93 -17.55 -32.87 -5.16 3.41 -4.97 -67.61 -2.21 -31.41 3.46 -21.43 1.27 -13.82 -1.63 -10.33 -1.92 18.19 5.33 12.42 10.73 6.08 
-31.9033 37.4707 -10.9966 20.65 -33.27 81.98 25.09 -2.92 9.03 23.31 51.11 -20.09 -3.60 -26.30 -1.48 -19.55 -64.28 -25.68 12.79 40.19 -14.21 14.10 -10.18 0.64 -7.57 55.00 0.06 -0.30 2.38 -5.22 2.80 3.13 1.93 60.43 -55.28 23.74 -14.23 -13.00 -3.26 15.84 -17.31 -33.48 -4.19 3.24 -5.26 -66.99 -3.27 -32.51 3.56 -29.21 1.74 -14.60 -2.19 -10.71 -1.03 15.07 4.33 12.04 9.47 5.37 
-32.0045 37.7283 -11.2470 17.04 -30.95 81.29 22.93 -5.85 8.78 20.89 49.32 -17.42 -2.98 -24.66 -1.24 -17.35 -60.87 -24.77 14.75 45.87 -14.33 13.99 -10.42 0.64 -8.86 52.35 0.81 -0.34 2.27 -5.05 1.12 3.10 1.98 55.71 -50.65 16.75 -15.93 -14.65 -4.13 16.37 -17.40 -33.49 -3.36 3.14 -5.65 -66.62 -3.87 -33.68 3.87 -37.44 2.35 -15.13 -2.89 -10.29 0.02 11.35 3.01 11.17 8.75 4.32 
-31.9788 37.9790 -11.5011 13.78 -28.44 80.62 20.65 -8.16 8.48 18.34 47.34 -14.89 -2.18 -23.20 -1.00 -15.06 -56.81 -23.67 16.55 51.63 -14.51 13.80 -10.48 0.60 -10.25 49.48 1.79 -0.38 2.15 -4.58 -0.52 3.16 2.06 51.60 -44.99 10.46 -17.18 -17.37 -5.27 17.29 -17.44 -32.43 -2.73 3.14 -6.14 -67.02 -4.48 -35.10 4.49 -45.62 3.21 -15.41 -3.30 -9.73 1.07 7.82 1.52 9.61 8.29 3.07 
-31.8213 38.2102 -11.7415 10.99 -25.96 79.80 18.46 -9.67 8.23 15.81 45.28 -12.54 -1.33 -22.03 -0.82 -12.38 -52.01 -21.98 17.96 57.06 -14.80 13.66 -10.63 0.56 -11.51 46.25 2.85 -0.42 2.02 -3.84 -1.92 3.22 2.41 47.84 -37.55 3.94 -18.11 -22.19 -7.04 18.41 -16.71 -29.86 -2.41 3.14 -6.60 -68.58 -5.55 -36.52 5.56 -53.09 4.45 -15.58 -3.44 -9.15 1.82 5.26 0.10 7.73 7.68 1.66 
-31.5529 38.4200 -11.9482 8.68 -23.58 78.86 16.42 -10.45 7.99 13.41 43.17 -10.40 -0.51 -21.13 -0.69 -9.55 -46.30 -19.85 18.60 61.42 -14.83 13.52 -10.97 0.56 -12.50 42.59 3.84 -0.46 1.86 -2.89 -3.07 3.22 3.12 44.85 -28.23 -2.86 -18.68 -29.04 -9.32 19.52 -14.91 -26.07 -2.44 3.10 -6.89 -71.23 -7.30 -37.69 7.01 -59.25 6.03 -15.72 -3.51 -8.52 2.05 4.08 -1.14 6.30 6.82 -0.11 
-31.2135 38.6121 -12.1125 6.81 -21.28 78.01 14.29 -10.59 7.77 11.07 40.96 -8.43 0.57 -20.47 1.49 -7.05 -39.64 -17.77 18.16 63.90 -14.56 13.21 -11.48 0.59 -13.26 38.61 4.73 -0.49 1.70 -1.83 -3.75 3.14 3.94 42.71 -17.90 -8.95 -18.72 -36.15 -11.30 20.41 -12.69 -22.08 -2.71 3.03 -6.95 -74.49 -9.89 -38.62 8.52 -63.76 7.65 -15.80 -3.45 -8.02 1.94 4.21 -2.24 5.72 5.94 -2.29 
-30.8529 38.7781 -12.2455 5.25 -19.11 77.44 12.59 -10.62 7.64 8.76 38.83 -6.60 1.54 -19.87 1.78 -5.07 -32.42 -16.17 16.95 64.29 -14.88 12.69 -12.00 0.62 -13.88 34.55 5.52 -0.52 1.53 -0.76 -3.48 3.04 4.50 40.70 -7.77 -13.13 -18.24 -41.59 -12.34 21.19 -10.98 -18.62 -2.96 2.96 -6.85 -77.79 -13.34 -39.44 9.73 -66.69 8.95 -15.90 -3.16 -7.70 1.95 5.20 -3.26 5.77 5.25 -4.57 
-30.5196 38.9057 -12.3775 3.87 -17.18 77.13 11.20 -11.76 7.81 6.88 38.72 -5.01 2.58 -18.53 2.05 -3.33 -25.28 -15.13 15.73 63.07 -16.92 11.95 -12.24 0.58 -14.33 30.72 6.20 -0.54 1.37 0.27 -2.07 2.93 4.70 37.98 1.37 -14.94 -17.41 -45.14 -12.53 22.10 -10.17 -15.85 -3.04 2.85 -6.69 -80.79 -17.45 -40.22 10.59 -68.60 9.87 -16.24 -2.77 -7.32 2.26 6.35 -4.18 5.96 4.72 -6.51 
-30.2483 38.9361 -12.5430 2.54 -15.59 76.81 10.20 -13.21 8.27 4.93 39.26 -3.11 3.69 -17.69 2.23 -1.51 -18.92 -14.54 15.11 61.25 -20.97 10.99 -12.16 0.49 -14.41 27.30 6.70 -0.55 1.22 1.23 -0.14 2.80 4.74 34.58 9.03 -14.97 -16.39 -47.91 -12.31 23.17 -9.97 -13.71 -3.07 2.71 -6.51 -83.43 -21.88 -40.91 11.26 -70.20 10.61 -16.80 -2.56 -6.75 2.48 7.03 -4.81 6.01 4.19 -7.87 
-30.0610 38.8507 -12.7810 1.18 -14.21 76.12 9.27 -14.90 8.69 3.04 40.15 -0.71 4.71 -17.55 2.38 0.39 -13.84 -14.27 15.10 59.44 -25.96 9.94 -12.01 0.40 -14.06 24.28 7.06 -0.54 1.09 2.13 1.22 2.69 4.96 31.35 14.80 -14.32 -15.25 -50.72 -11.92 24.23 -9.83 -11.96 -3.32 2.57 -6.29 -85.76 -26.66 -41.51 11.75 -71.71 11.18 -17.24 -2.57 -6.25 2.01 6.97 -4.94 5.92 3.51 -8.73 
-29.9653 38.6776 -13.1259 -0.23 -12.80 74.72 8.02 -16.70 8.76 1.33 41.02 2.35 5.46 -17.92 2.51 2.09 -10.31 -14.17 15.44 57.81 -30.26 9.20 -11.97 0.36 -13.53 21.60 7.39 -0.53 0.98 3.01 1.42 2.63 5.43 28.82 18.48 -13.41 -14.05 -53.44 -11.37 25.12 -9.37 -10.28 -3.95 2.48 -6.13 -87.73 -32.40 -42.10 11.80 -72.80 11.28 -17.22 -2.69 -6.01 0.62 6.26 -4.60 5.74 2.68 -9.27 
-29.9539 38.4630 -13.5970 -1.55 -11.15 72.37 6.30 -18.38 8.42 -0.29 41.50 6.18 5.91 -18.48 2.62 3.31 -8.28 -14.14 15.90 56.39 -32.57 9.19 -11.97 0.37 -13.18 19.26 7.88 -0.52 0.88 3.92 0.75 2.62 5.96 26.56 20.08 -11.80 -13.06 -55.22 -10.78 25.94 -8.67 -8.46 -4.89 2.47 -6.05 -89.33 -39.63 -42.78 11.14 -72.93 10.66 -16.80 -2.98 -5.70 -1.36 5.16 -3.98 5.32 1.82 -9.55 
-30.0074 38.2346 -14.1912 -2.46 -9.31 68.96 4.31 -19.70 7.92 -1.98 41.49 10.75 6.17 -19.05 2.67 3.98 -7.41 -14.16 16.43 55.33 -32.44 9.90 -11.93 0.44 -13.17 17.42 8.70 -0.52 0.80 4.98 -0.26 2.66 6.42 24.09 19.31 -9.34 -12.71 -55.16 -10.49 26.91 -8.23 -6.68 -5.90 2.50 -5.85 -90.85 -48.16 -43.74 10.05 -71.81 9.56 -16.22 -3.63 -4.86 -3.42 3.90 -3.31 4.48 1.16 -9.55 
-30.1074 38.0005 -14.8825 -2.76 -7.54 64.58 2.43 -20.64 7.59 -3.79 41.30 15.80 6.34 -19.50 2.68 4.30 -7.26 -14.29 17.16 54.69 -30.25 10.95 -12.14 0.56 -13.39 16.25 9.93 -0.52 0.76 6.33 -1.58 2.76 6.86 21.92 15.81 -6.86 -13.06 -52.82 -10.47 27.93 -8.56 -5.67 -6.76 2.61 -5.19 -92.76 -57.12 -45.25 9.11 -69.40 8.54 -15.61 -4.64 -3.51 -5.14 2.66 -2.67 3.28 0.87 -9.27 
-30.2458 37.7720 -15.6355 -2.51 -6.09 59.60 0.93 -21.53 7.58 -5.64 41.37 20.94 6.45 -19.58 2.75 4.58 -7.51 -14.57 18.28 53.95 -26.89 12.10 -12.86 0.76 -13.68 15.70 11.53 -0.53 0.74 7.99 -3.54 2.92 7.25 20.98 9.74 -5.39 -13.76 -48.75 -10.43 28.64 -9.72 -6.07 -7.37 2.83 -4.03 -95.17 -65.78 -47.51 8.70 -65.68 7.94 -14.92 -5.57 -2.14 -6.17 1.64 -2.09 1.93 1.08 -8.76 
-30.4147 37.5620 -16.4255 -2.00 -4.92 54.65 -0.30 -22.72 7.68 -7.33 41.84 25.83 6.45 -19.09 2.88 5.03 -7.84 -14.92 19.57 52.06 -23.25 13.56 -13.81 1.06 -14.00 15.55 13.27 -0.53 0.75 9.75 -6.02 3.12 7.52 21.36 2.10 -5.28 -14.50 -44.52 -10.28 28.98 -11.31 -7.64 -7.73 3.19 -2.79 -97.47 -73.90 -50.34 8.87 -60.72 7.75 -14.30 -5.97 -0.94 -6.26 0.96 -1.61 0.71 1.78 -8.01 
-30.5875 37.3574 -17.2463 -1.39 -3.85 50.31 -1.62 -24.29 7.44 -8.62 42.50 30.22 6.34 -18.16 3.01 5.90 -8.01 -15.07 20.57 48.64 -20.49 12.66 -16.28 0.82 -14.37 15.53 14.80 -0.54 0.76 11.26 -8.19 3.37 7.65 21.97 -5.49 -6.27 -15.05 -42.12 -10.23 29.33 -12.74 -9.23 -7.86 3.61 -1.98 -97.24 -81.41 -51.61 9.43 -55.11 7.76 -14.18 -5.91 0.44 -5.54 0.67 -1.17 -0.15 2.88 -6.94 
-30.7245 37.1099 -18.1017 -0.63 -2.87 46.71 -3.27 -25.99 6.72 -9.50 43.18 34.04 6.26 -17.27 3.11 7.22 -7.67 -14.46 20.34 44.02 -19.25 7.70 -20.22 0.31 -14.60 15.60 15.82 -0.55 0.76 12.27 -9.31 3.60 7.74 21.66 -11.52 -8.03 -15.13 -42.82 -10.41 29.87 -13.47 -9.69 -7.73 3.97 -1.68 -65.28 -87.57 -21.72 10.13 -50.17 7.82 -14.77 -5.95 2.31 -4.58 0.79 -0.67 -0.58 4.17 -5.63 
-30.8067 36.7799 -18.9964 0.30 -2.25 43.59 -4.96 -27.67 5.93 -10.28 44.13 37.39 6.37 -16.67 3.29 8.97 -6.80 -12.75 18.35 39.27 -19.49 -0.76 -24.92 -1.24 -14.36 15.97 16.26 -0.53 0.78 12.77 -9.50 3.75 7.84 20.52 -15.37 -10.35 -14.54 -46.56 -10.67 30.18 -13.15 -9.10 -7.27 4.19 -1.64 29.53 -84.93 71.47 10.90 -47.30 8.06 -15.95 -6.32 4.13 -3.91 1.14 -0.07 -0.73 5.33 -4.27 
-30.8561 36.3913 -19.9341 1.25 -2.19 40.67 -6.08 -29.60 5.67 -11.32 46.00 40.23 6.56 -15.73 3.71 10.80 -5.86 -10.17 15.13 35.72 -20.80 -9.86 -29.21 -4.19 -13.56 16.83 16.19 -0.49 0.81 12.88 -9.40 3.79 7.88 19.56 -17.39 -12.80 -13.25 -52.20 -10.54 29.58 -11.94 -8.53 -6.41 4.28 -1.58 29.50 -79.36 71.04 11.68 -47.10 8.61 -17.55 -6.55 4.93 -3.64 1.26 0.53 -0.81 5.97 -3.11 
-30.9078 36.0306 -20.9065 2.02 -2.53 37.95 -6.29 -32.35 5.98 -12.49 49.51 42.05 6.34 -13.00 4.27 12.02 -5.57 -7.57 12.05 34.30 -22.52 -16.15 -31.98 -6.82 -12.43 18.08 15.73 -0.44 0.86 12.66 -9.36 3.72 7.76 19.56 -18.53 -14.76 -11.46 -57.94 -9.75 27.94 -10.53 -8.78 -5.18 4.29 -1.46 20.81 -73.43 63.08 12.17 -48.93 9.24 -19.51 -6.33 4.57 -3.51 0.75 0.95 -0.90 5.78 -2.29 
-30.9670 35.8203 -21.8688 2.62 -3.10 35.69 -5.76 -35.90 6.22 -12.97 54.60 41.54 5.30 -6.98 4.48 11.38 -7.96 -5.97 11.76 38.76 -24.59 -14.04 -33.37 -5.84 -11.17 19.55 14.94 -0.38 0.91 12.14 -9.37 3.63 7.47 20.55 -19.90 -15.68 -10.20 -61.43 -8.98 26.14 -9.59 -9.55 -3.68 4.27 -1.33 11.12 -66.81 54.16 12.04 -51.41 9.47 -21.73 -6.17 4.28 -3.40 -0.27 1.12 -0.91 4.83 -1.86 
-30.9909 35.6905 -22.7416 3.34 -4.03 33.94 -4.87 -39.66 5.80 -12.08 60.86 37.35 3.69 2.16 3.60 10.38 -9.45 -5.68 11.90 42.22 -24.97 -12.96 -33.72 -5.15 -9.77 21.17 13.92 -0.31 0.97 11.44 -9.45 3.56 7.08 22.36 -22.36 -15.34 -11.10 -60.54 -9.69 25.21 -9.49 -10.20 -2.03 4.28 -1.16 2.11 -59.45 44.63 11.37 -53.33 9.16 -24.05 -6.81 5.19 -3.56 -1.17 1.22 -0.68 3.77 -1.76 
-30.9377 35.6378 -23.4466 4.33 -5.72 32.47 -3.37 -42.61 4.94 -9.56 66.98 29.61 -0.53 12.55 0.96 9.18 -9.19 -6.23 12.30 44.31 -23.95 -12.90 -33.62 -4.86 -8.01 22.92 12.73 -0.24 1.04 10.72 -9.82 3.55 6.68 25.00 -25.86 -13.92 -13.91 -54.88 -11.45 25.24 -10.32 -10.98 -0.29 4.35 -0.87 -5.71 -51.57 34.28 10.59 -54.36 8.64 -26.55 -8.05 6.96 -4.10 -1.43 1.47 -0.22 3.65 -1.71 
-30.7928 35.6598 -23.9656 5.55 -8.22 30.91 -2.57 -46.04 4.15 -7.56 75.43 22.45 -1.56 12.27 0.40 8.15 -7.26 -6.90 12.36 45.46 -22.08 -13.05 -33.29 -4.67 -5.99 24.60 11.45 -0.15 1.10 10.04 -10.47 3.55 6.30 28.21 -29.22 -11.87 -16.84 -46.79 -12.44 25.57 -11.93 -12.71 1.46 4.45 -0.49 -12.13 -43.57 23.58 10.00 -54.74 8.19 -29.51 -8.92 8.11 -4.58 -1.07 2.00 0.27 5.23 -1.23 
-30.5626 35.7537 -24.3380 6.96 -11.14 29.11 -1.40 -49.52 4.07 -4.99 82.29 17.01 -1.40 11.09 0.21 7.25 -4.32 -7.35 11.72 46.04 -19.66 -13.03 -32.85 -4.50 -4.20 25.87 10.17 -0.08 1.15 9.33 -10.88 3.50 5.95 31.01 -30.98 -9.70 -18.68 -40.17 -12.30 25.82 -13.72 -14.91 2.94 4.44 -0.21 -17.12 -35.75 13.55 9.56 -54.67 7.82 -32.39 -8.76 7.84 -4.43 -0.34 2.72 0.66 8.48 -0.02 
-30.2576 35.9136 -24.6082 8.76 -14.07 27.21 0.43 -53.26 4.87 -0.74 86.28 12.68 -1.33 10.98 0.15 6.05 -0.92 -7.71 10.37 46.35 -16.66 -12.80 -32.37 -4.36 -3.15 26.72 9.04 -0.05 1.18 8.52 -10.49 3.36 5.63 32.35 -30.64 -7.76 -19.03 -37.58 -11.88 26.24 -14.88 -15.90 3.67 4.24 -0.17 -20.86 -28.29 5.28 9.18 -54.17 7.46 -33.85 -7.72 6.72 -3.62 0.86 3.45 0.99 12.54 1.73 
-29.8975 36.1190 -24.7911 11.25 -17.02 25.49 2.86 -56.95 6.33 3.11 86.97 10.43 -1.09 11.40 0.17 4.29 2.84 -8.00 8.19 46.66 -13.15 -12.25 -32.00 -4.16 -3.06 27.57 8.15 -0.05 1.22 7.59 -9.31 3.17 5.35 32.40 -29.26 -5.89 -18.23 -38.68 -11.63 26.99 -14.95 -15.10 3.32 3.90 -0.33 -23.72 -21.47 -0.51 8.91 -53.31 7.17 -33.37 -6.46 5.37 -2.68 2.90 4.12 1.38 16.40 3.59 
-29.5233 36.3420 -24.8954 14.55 -20.21 24.24 5.85 -59.97 8.16 1.52 84.33 13.52 -0.72 11.50 0.17 2.14 7.03 -8.09 5.06 47.05 -9.50 -11.13 -31.86 -3.77 -3.87 28.97 7.59 -0.08 1.28 6.59 -8.01 3.08 5.13 32.59 -28.71 -3.64 -17.02 -41.14 -11.39 27.80 -14.30 -13.63 2.11 3.62 -0.53 -26.23 -15.79 -3.75 8.82 -52.36 7.00 -31.88 -5.48 3.90 -2.14 6.05 4.80 1.77 19.58 5.29 
-29.1835 36.5491 -24.9605 18.51 -23.58 23.65 9.19 -62.03 10.00 0.24 78.24 15.09 -0.50 11.06 0.16 -0.19 11.45 -7.93 1.27 47.47 -6.12 -9.51 -31.94 -3.18 -5.45 31.11 7.45 -0.15 1.37 5.67 -7.21 3.16 5.00 34.24 -30.41 -0.61 -15.94 -42.92 -11.01 28.33 -13.78 -12.71 0.68 3.57 -0.63 -28.81 -11.73 -5.22 8.85 -51.60 6.96 -30.67 -4.79 2.31 -2.11 10.09 5.50 1.91 22.29 6.80 
-28.9072 36.6972 -25.0413 22.68 -26.82 23.70 12.45 -63.11 11.47 0.19 68.48 14.46 -0.51 10.53 0.17 -2.65 15.52 -7.69 -2.42 48.02 -3.12 -7.92 -32.17 -2.59 -7.49 33.83 7.80 -0.22 1.50 4.95 -6.88 3.43 4.96 37.35 -34.44 3.44 -15.03 -43.74 -10.51 28.56 -13.79 -12.40 -0.42 3.75 -0.68 -31.45 -9.48 -6.02 8.89 -51.08 6.94 -30.26 -4.03 0.72 -2.35 14.42 6.07 1.63 25.00 8.07 
-28.6936 36.7407 -25.1571 26.46 -29.62 24.19 15.32 -63.22 12.42 0.87 55.07 13.15 -0.69 10.77 0.22 -5.04 18.69 -7.48 -5.47 48.94 -0.41 -6.76 -32.58 -2.03 -9.43 36.79 8.45 -0.28 1.63 4.48 -6.58 3.79 4.98 40.99 -39.70 8.44 -13.98 -44.70 -9.93 28.70 -13.92 -12.12 -1.07 4.06 -0.77 -33.81 -8.84 -6.93 8.85 -50.67 6.87 -30.20 -3.03 -0.79 -2.73 18.53 6.52 1.21 27.67 8.92 
-28.5047 36.6355 -25.2546 29.22 -31.90 24.69 17.99 -62.25 13.15 1.74 38.54 12.42 -0.77 12.33 0.35 -6.85 20.75 -7.26 -7.85 50.44 1.87 -5.97 -33.37 -1.69 -10.60 39.61 9.00 -0.31 1.75 4.21 -6.06 4.18 5.07 44.53 -44.83 13.88 -12.69 -46.85 -9.33 28.89 -13.71 -11.53 -1.36 4.41 -0.87 -35.66 -9.35 -7.94 8.74 -50.44 6.76 -29.85 -2.04 -2.18 -3.34 22.17 7.05 1.15 29.67 9.24 
-28.2532 36.3624 -25.2091 30.77 -33.75 24.75 21.55 -60.73 14.94 2.03 21.78 12.38 -0.26 14.60 0.46 -8.00 21.98 -6.90 -9.88 52.53 3.67 -5.16 -34.78 -1.20 -10.91 42.01 9.32 -0.31 1.86 4.17 -5.53 4.52 5.26 48.28 -48.94 19.30 -11.46 -50.33 -8.87 29.04 -13.24 -10.71 -1.29 4.74 -0.96 -37.05 -10.39 -8.59 8.59 -50.67 6.66 -29.14 -1.34 -3.41 -4.15 25.15 7.80 1.56 30.44 9.22 
-27.9696 36.0933 -25.0527 31.75 -35.23 24.37 26.41 -60.54 18.45 1.76 11.65 12.05 0.37 15.11 0.46 -9.07 22.94 -6.38 -11.64 54.33 5.22 -4.38 -36.24 -0.56 -11.12 43.87 9.72 -0.30 1.94 4.29 -5.27 4.74 5.49 52.75 -51.66 24.39 -10.67 -54.47 -8.71 28.94 -12.66 -9.72 -0.84 4.98 -1.00 -38.06 -11.43 -8.56 8.44 -51.50 6.62 -28.48 -0.90 -4.43 -4.91 27.24 8.60 2.03 30.03 9.27 
-27.7992 35.9889 -24.9935 33.09 -36.31 24.31 30.16 -60.87 21.53 1.55 8.33 10.91 0.64 14.58 0.42 -10.41 23.84 -5.98 -13.12 55.23 6.83 -3.99 -36.98 -0.21 -11.81 45.24 10.24 -0.31 2.00 4.31 -5.28 4.80 5.70 57.57 -52.98 28.72 -10.42 -58.43 -8.91 28.47 -11.78 -8.53 -0.19 5.07 -1.00 -38.63 -12.17 -7.90 8.31 -52.71 6.63 -28.12 -0.52 -5.24 -5.40 28.25 9.18 2.21 29.03 9.51 
-27.7621 36.0003 -25.0781 34.90 -36.94 24.99 30.92 -60.50 22.18 1.56 8.32 9.17 0.75 14.69 0.35 -11.85 24.59 -5.88 -14.29 55.51 8.20 -3.86 -37.10 -0.11 -12.68 46.12 10.67 -0.34 2.04 4.16 -5.37 4.73 5.81 61.59 -53.35 31.67 -10.59 -61.55 -9.33 27.82 -10.60 -7.31 0.36 5.03 -0.93 -38.64 -12.53 -6.99 8.25 -53.90 6.68 -27.71 -0.25 -5.86 -5.59 28.25 9.40 2.17 27.98 9.64 
-27.8173 36.0502 -25.2534 36.64 -36.95 26.32 28.94 -59.68 20.40 1.73 9.76 7.35 0.69 15.26 0.31 -12.94 25.00 -6.12 -14.72 55.51 8.47 -3.68 -36.91 -0.06 -12.94 46.34 10.62 -0.35 2.05 3.91 -5.37 4.64 5.83 63.88 -53.43 32.83 -10.91 -63.54 -9.79 27.34 -9.56 -6.28 0.67 4.95 -0.86 -38.24 -12.52 -6.19 8.28 -54.80 6.78 -26.79 -0.39 -6.16 -5.53 27.56 9.22 2.11 27.02 9.37 
-27.9443 36.1128 -25.4967 37.61 -36.22 27.99 25.25 -58.97 17.00 2.05 12.00 5.97 0.21 15.38 0.38 -13.38 24.82 -6.83 -13.79 55.35 7.36 -3.75 -36.46 -0.19 -11.98 45.75 9.81 -0.33 2.02 3.67 -5.22 4.59 5.78 64.34 -53.51 32.04 -11.25 -64.66 -10.19 27.25 -8.93 -5.38 0.91 4.89 -0.92 -37.82 -12.23 -5.69 8.34 -55.33 6.87 -25.37 -1.08 -5.98 -5.23 26.55 8.68 2.02 25.92 8.70 
-28.1472 36.2076 -25.8181 37.62 -34.90 29.61 20.87 -58.64 12.98 2.57 15.76 5.14 -0.75 14.61 0.56 -13.34 23.94 -8.02 -11.49 54.93 5.66 -4.64 -35.62 -0.75 -9.94 44.45 8.44 -0.27 1.95 3.50 -4.95 4.53 5.67 63.44 -53.22 29.23 -11.63 -65.78 -10.63 27.40 -8.44 -4.16 1.23 4.82 -1.17 -37.78 -11.80 -5.53 8.37 -55.59 6.92 -23.98 -2.01 -5.34 -4.76 25.35 7.91 1.76 24.47 7.91 
-28.4197 36.3595 -26.1995 36.90 -33.30 30.80 16.83 -58.86 9.44 3.31 22.65 4.61 -1.89 13.20 0.72 -13.11 22.55 -9.32 -8.59 54.09 4.12 -6.15 -34.34 -1.60 -7.59 42.71 6.99 -0.20 1.87 3.41 -4.64 4.38 5.51 62.16 -51.94 24.80 -12.00 -67.85 -11.14 27.35 -7.67 -2.53 1.67 4.65 -1.53 -38.27 -11.46 -5.66 8.35 -55.93 6.93 -23.01 -2.67 -4.46 -4.24 23.73 7.08 1.18 22.72 7.20 
-28.7102 36.5500 -26.5673 35.82 -31.69 31.24 14.04 -59.71 7.31 4.22 33.49 4.09 -2.86 11.64 0.75 -12.78 20.95 -10.29 -6.16 52.89 2.82 -7.45 -32.89 -2.37 -5.66 40.95 5.88 -0.15 1.79 3.39 -4.36 4.15 5.35 61.66 -49.41 19.77 -11.89 -71.26 -11.27 26.89 -6.70 -1.22 2.10 4.41 -1.85 -39.25 -11.36 -5.90 8.25 -56.87 6.92 -22.52 -2.85 -3.51 -3.70 21.42 6.23 0.24 20.86 6.62 
-28.9525 36.7247 -26.8615 34.62 -30.15 30.98 12.71 -60.62 6.77 5.18 46.53 3.36 -3.67 10.42 0.71 -12.42 19.28 -10.77 -4.67 51.69 1.73 -8.13 -31.66 -2.66 -4.39 39.46 5.17 -0.11 1.73 3.36 -3.96 3.87 5.24 62.74 -45.72 15.04 -10.16 -75.73 -9.85 26.25 -5.80 -0.95 2.39 4.12 -2.11 -40.56 -11.37 -5.89 7.98 -59.07 6.86 -22.46 -2.75 -2.66 -3.06 18.37 5.33 -0.95 18.99 6.15 
-29.1400 36.8781 -27.1086 33.52 -28.47 30.50 11.88 -60.88 6.94 6.32 59.34 1.97 -4.57 9.48 0.67 -12.16 17.45 -11.00 -3.82 50.63 1.16 -8.60 -30.59 -2.89 -3.79 38.27 4.61 -0.09 1.68 3.10 -3.04 3.50 5.18 65.36 -40.86 10.54 -3.73 -80.82 -3.69 25.69 -5.03 -1.29 2.29 3.71 -2.37 -41.93 -11.12 -5.21 7.21 -63.06 6.43 -22.78 -2.59 -2.14 -2.34 14.81 4.44 -2.05 16.99 5.74 
-29.3114 37.0578 -27.3610 32.67 -26.34 30.22 10.32 -60.35 6.75 8.09 70.60 -0.78 -5.54 8.55 0.62 -12.08 15.32 -11.09 -3.33 49.47 0.91 -8.96 -29.37 -3.05 -3.87 37.14 3.98 -0.11 1.63 2.40 -1.10 2.93 5.12 68.85 -34.66 5.14 26.36 -85.84 26.30 24.92 -4.41 -1.25 1.59 3.05 -2.72 -42.99 -10.13 -3.68 5.09 -69.03 4.76 -23.11 -2.37 -2.16 -1.60 11.16 3.69 -2.67 14.74 5.35 
-29.5167 37.3326 -27.6437 31.94 -23.51 30.22 7.78 -59.19 6.00 11.64 79.58 -5.99 -6.39 7.68 0.57 -11.91 12.90 -10.93 -3.27 47.63 -0.10 -8.61 -27.80 -2.86 -4.63 35.68 3.33 -0.15 1.56 1.35 1.96 2.15 5.05 72.41 -27.54 -2.33 111.93 -84.91 112.00 23.44 -4.05 -0.85 0.35 2.17 -3.23 -43.65 -8.03 -1.74 -0.80 -76.62 -0.78 -22.75 -1.97 -2.47 -0.82 8.04 3.05 -2.73 12.20 4.92 
-29.7930 37.7805 -27.9641 30.91 -19.96 30.10 5.08 -57.55 5.29 21.73 85.82 -18.05 -7.10 6.86 0.50 -11.36 10.39 -10.43 -3.54 44.25 -2.33 -7.58 -25.50 -2.46 -5.77 33.56 2.77 -0.21 1.47 0.27 5.62 1.34 4.98 75.48 -20.81 -12.00 130.44 -79.79 130.89 21.50 -3.77 -0.67 -1.08 1.29 -3.90 -44.19 -4.79 -0.41 -23.69 -84.44 -23.59 -21.38 -1.46 -2.56 -0.03 6.00 2.43 -2.54 9.53 4.39 
-30.1388 38.4387 -28.3337 29.08 -15.97 29.42 3.29 -55.71 5.21 72.65 88.83 -70.75 -7.58 6.00 0.42 -10.39 8.12 -9.85 -3.46 38.40 -4.03 -7.33 -21.74 -2.35 -6.51 30.71 2.29 -0.25 1.35 -0.45 8.95 0.66 4.96 77.53 -15.63 -22.56 131.26 -76.01 132.11 20.06 -3.09 -0.11 -2.31 0.59 -4.60 -45.02 -0.94 -0.53 -124.19 -85.68 -124.27 -19.62 -1.16 -2.21 0.39 5.24 1.89 -2.44 7.05 3.81 
-30.5105 39.2203 -28.7664 26.23 -11.96 28.00 2.97 -54.06 5.85 136.18 88.82 -135.65 -7.76 5.44 0.37 -9.28 6.47 -9.44 -2.52 29.84 -2.81 -8.59 -16.21 -2.23 -6.04 27.42 1.77 -0.24 1.20 -0.61 11.23 0.18 4.99 77.91 -11.93 -31.75 128.04 -74.16 129.13 19.48 -2.36 1.63 -3.14 0.10 -5.10 -46.35 2.49 -2.12 -152.60 -81.45 -152.86 -18.58 -1.32 -1.64 -0.03 5.38 1.67 -2.57 5.04 3.29 
-30.8586 39.9246 -29.2576 22.73 -8.27 25.98 3.95 -52.77 7.03 131.50 89.15 -131.97 -7.87 5.57 0.39 -8.63 4.79 -9.06 -1.31 21.80 1.01 -5.86 -10.94 -0.76 -4.36 24.27 1.31 -0.18 1.07 -0.28 12.26 -0.08 5.11 76.46 -8.70 -37.86 125.58 -73.20 126.78 19.29 -2.40 3.21 -3.49 -0.18 -5.19 -48.04 4.52 -4.58 -159.51 -79.85 -159.81 -18.71 -1.87 -1.10 -1.31 5.79 1.90 -2.80 3.57 2.90 
-31.1640 40.3637 -29.7693 19.42 -5.15 23.76 5.36 -51.44 8.38 38.32 89.24 -39.70 -8.34 6.19 0.48 -8.28 2.80 -8.50 -0.81 17.31 4.02 -1.44 -8.44 0.14 -2.44 21.89 1.14 -0.10 0.96 0.34 12.31 -0.04 5.33 73.75 -5.35 -40.99 127.13 -71.57 128.59 19.07 -3.42 2.60 -3.42 -0.17 -4.91 -49.55 4.81 -7.21 -161.64 -81.24 -161.84 -19.51 -2.57 -0.54 -2.64 6.07 2.35 -2.99 2.45 2.66 
-31.4461 40.4976 -30.2470 16.93 -2.80 21.95 6.03 -49.37 9.13 6.01 87.37 -8.43 -9.15 6.72 0.62 -7.90 0.98 -7.77 -1.13 17.21 3.05 -1.49 -9.28 -0.27 -1.23 20.57 1.31 -0.04 0.90 0.97 11.85 0.30 5.62 70.29 -2.33 -42.59 132.10 -68.41 134.18 18.67 -4.84 -0.01 -3.04 0.14 -4.61 -50.20 3.94 -9.33 -160.53 -84.37 -160.61 -20.22 -3.24 0.14 -3.05 6.25 2.56 -3.06 1.37 2.49 
-31.7273 40.3346 -30.6458 15.11 -1.25 21.19 5.41 -46.51 8.55 1.96 84.49 -5.45 -9.87 7.01 0.74 -7.37 -0.76 -7.40 -1.71 20.90 -1.57 -4.51 -11.80 -1.78 -0.64 20.08 1.51 -0.02 0.88 1.39 11.06 0.74 5.78 66.01 -0.27 -44.15 137.19 -64.27 140.16 18.44 -5.90 -2.73 -2.44 0.57 -4.56 -49.73 2.96 -10.50 -153.57 -87.38 -153.59 -20.48 -3.75 0.81 -2.49 6.40 2.29 -2.87 0.14 2.13 
-32.0142 39.7803 -30.9669 13.21 -0.26 21.67 4.19 -43.60 6.79 3.32 81.32 -7.64 -10.27 7.40 0.82 -6.78 -2.23 -7.60 -1.68 25.60 -6.25 -2.62 -17.01 -2.18 0.30 19.95 1.37 0.02 0.88 1.56 9.56 1.09 5.64 60.62 0.77 -46.17 140.65 -60.45 144.50 18.94 -6.46 -4.41 -1.55 0.97 -4.74 -48.48 2.34 -10.76 -133.25 -88.92 -133.26 -20.43 -4.06 1.20 -1.79 6.01 1.64 -2.30 -0.95 1.24 
-32.3169 38.9320 -31.2415 10.55 0.36 22.64 3.79 -40.64 5.06 5.88 77.58 -10.71 -10.50 8.05 0.91 -5.29 -4.34 -7.82 -0.52 29.79 -8.51 -2.00 -22.90 -2.03 2.25 19.91 0.87 0.10 0.87 1.70 6.67 1.42 5.33 54.33 1.02 -48.10 142.45 -57.92 146.92 20.03 -7.02 -5.45 -0.11 1.37 -4.87 -46.97 1.48 -10.53 -108.23 -89.29 -108.23 -20.38 -4.09 1.21 -1.47 4.42 0.75 -1.55 -1.29 -0.37 
-32.6100 38.0588 -31.4819 7.30 0.78 22.88 4.85 -36.77 4.66 6.76 72.07 -11.73 -10.67 7.82 0.96 -3.33 -9.55 -7.43 1.35 37.21 -9.01 -2.78 -26.69 -1.99 4.61 19.96 0.47 0.20 0.88 2.09 2.12 1.90 5.19 48.01 0.26 -48.95 142.86 -57.31 147.48 20.84 -7.67 -6.57 1.89 1.94 -4.77 -45.16 -0.58 -9.94 -46.99 -89.12 -46.99 -20.72 -3.79 0.85 -1.03 1.83 -0.48 -0.96 -0.70 -2.54 
-32.8256 37.2525 -31.6993 4.38 1.26 21.95 6.26 -31.82 5.38 5.81 64.81 -10.12 -10.35 4.57 0.74 -1.27 -14.69 -6.50 2.97 43.40 -9.52 -3.66 -29.35 -1.96 5.99 20.11 0.55 0.26 0.88 2.67 -3.46 2.53 5.25 42.36 -1.91 -48.22 141.83 -58.94 146.05 21.32 -7.92 -7.26 4.13 2.67 -4.49 -42.57 -3.79 -8.55 -11.47 -87.12 -11.46 -21.72 -3.21 -0.09 0.21 -0.64 -2.11 -0.35 0.25 -4.98 
-32.9575 36.6733 -31.8720 2.50 1.74 20.90 6.78 -26.85 5.56 5.17 59.55 -7.09 -9.35 -13.40 -2.34 0.27 -18.24 -5.66 3.78 47.47 -10.65 -3.60 -31.10 -1.74 5.88 20.36 0.81 0.26 0.89 2.92 -8.57 3.02 5.22 37.39 -5.45 -46.44 139.42 -62.38 142.81 22.58 -7.48 -6.26 6.05 3.26 -4.14 -38.94 -6.65 -5.73 -4.35 -83.81 -4.33 -23.08 -2.66 -1.55 2.20 -2.00 -4.01 0.86 0.61 -7.51 
-33.0609 36.3589 -31.9913 1.65 1.98 21.17 5.65 -21.29 4.25 4.88 50.64 -2.74 -10.89 -26.00 -3.36 0.91 -19.91 -5.52 4.45 49.52 -12.14 -3.26 -32.10 -1.63 4.97 20.85 0.65 0.22 0.91 2.45 -11.57 3.18 4.87 32.87 -9.75 -45.38 136.25 -66.00 138.84 25.12 -6.71 -3.69 7.16 3.42 -3.86 -34.71 -7.53 -1.23 -3.01 -80.50 -2.97 -23.85 -2.51 -2.55 4.24 -2.29 -5.91 2.91 -0.20 -10.14 
-33.1933 36.3325 -32.0706 1.33 1.99 23.00 4.45 -20.17 2.22 6.33 47.46 -0.40 -13.00 -27.53 -3.93 1.06 -20.14 -5.86 5.29 49.46 -13.78 -3.21 -32.08 -1.73 4.18 21.68 -0.08 0.18 0.95 1.43 -11.85 3.13 4.34 29.04 -14.11 -47.13 133.68 -67.76 135.90 27.55 -6.46 -1.49 7.25 3.26 -3.73 -30.80 -6.07 4.79 -4.22 -78.02 -4.13 -23.48 -3.09 -1.91 5.67 -2.21 -7.65 5.33 -2.02 -12.91 
-33.3386 36.5556 -32.1416 1.09 2.01 25.13 3.80 -20.08 0.70 7.26 45.75 -0.38 -13.50 -26.03 -3.82 1.41 -19.58 -5.90 5.68 47.56 -15.27 -3.21 -31.00 -1.83 3.90 22.69 -0.87 0.16 1.00 0.52 -10.15 3.03 3.98 26.83 -18.17 -52.06 133.10 -66.63 135.56 28.25 -7.24 -1.53 6.44 3.06 -3.71 -28.08 -2.95 11.79 -7.15 -76.34 -6.95 -22.62 -4.34 0.47 6.19 -2.05 -9.16 7.51 -4.13 -15.82 
-33.4277 36.9663 -32.2275 0.85 2.29 26.03 3.73 -21.19 0.31 7.34 45.92 -1.63 -12.65 -22.34 -3.33 2.01 -18.61 -5.38 5.13 44.25 -15.73 -3.13 -29.09 -1.85 3.84 23.51 -1.11 0.16 1.03 0.26 -7.60 2.87 3.99 27.19 -21.48 -58.04 134.57 -63.02 137.86 27.51 -8.55 -4.08 5.02 2.89 -3.68 -26.84 1.06 18.93 -10.46 -75.03 -10.11 -22.41 -5.83 3.20 5.88 -1.45 -10.36 9.38 -5.88 -18.71 
-33.4044 37.4478 -32.3394 0.75 2.87 25.30 3.69 -24.18 0.46 7.52 48.59 -3.14 -11.83 -15.64 -2.78 2.32 -17.49 -4.72 4.01 40.42 -14.51 -3.25 -26.82 -1.90 3.61 23.97 -0.77 0.15 1.05 0.56 -4.66 2.48 4.36 30.04 -23.03 -62.35 137.07 -58.40 141.61 26.82 -9.83 -7.48 3.20 2.54 -3.50 -26.76 5.63 25.46 -12.67 -73.75 -12.18 -23.14 -7.18 5.05 5.05 0.15 -11.13 11.22 -7.24 -21.25 
-33.2608 37.8499 -32.4815 0.92 3.58 23.61 3.26 -26.26 0.09 7.55 48.78 -4.80 -11.17 -10.58 -2.01 2.03 -16.69 -4.29 2.92 37.27 -11.93 -3.56 -24.81 -1.97 3.30 24.25 -0.27 0.14 1.06 0.99 -1.27 1.84 4.88 34.21 -21.65 -64.63 139.61 -53.93 145.48 26.78 -10.95 -9.91 1.15 1.89 -3.10 -27.36 10.63 30.82 -13.41 -72.48 -12.81 -24.17 -8.23 6.35 3.98 2.63 -11.50 13.20 -8.59 -23.37 
-33.0134 38.1120 -32.6542 1.28 4.32 21.51 2.21 -27.41 -1.44 8.01 46.39 -8.44 -10.30 -8.40 -1.35 1.35 -16.56 -4.03 1.92 35.48 -8.78 -3.75 -23.44 -1.98 3.10 24.71 0.15 0.14 1.08 1.38 2.31 1.18 5.39 38.74 -17.06 -66.53 141.77 -49.74 148.98 26.85 -11.91 -11.25 -0.92 1.16 -2.58 -28.32 15.58 34.64 -12.87 -71.24 -12.20 -24.77 -8.97 7.97 3.00 5.07 -11.72 15.05 -10.04 -25.23 
-32.6546 38.2199 -32.8669 1.71 5.07 18.74 0.87 -27.97 -3.76 8.95 42.41 -15.15 -9.26 -8.41 -0.86 0.52 -17.33 -3.71 0.86 35.30 -5.53 -3.59 -22.82 -1.90 2.93 25.70 0.68 0.13 1.13 1.92 5.43 0.84 5.81 43.03 -9.95 -69.30 143.64 -45.62 152.25 26.75 -13.12 -12.53 -2.69 0.70 -2.08 -29.55 19.53 36.77 -10.77 -69.83 -10.12 -24.80 -9.59 9.92 2.47 6.44 -12.10 16.17 -11.31 -26.96 
-32.1563 38.1669 -33.1275 2.16 5.72 14.81 -0.39 -27.85 -6.21 10.20 38.20 -24.40 -8.11 -10.53 1.17 -0.38 -19.06 -3.25 -0.31 36.74 -1.92 -3.16 -22.94 -1.69 2.49 27.46 1.60 0.12 1.20 2.78 7.69 0.88 6.07 45.74 -1.18 -73.14 145.02 -42.02 154.90 26.69 -15.00 -14.35 -3.98 0.60 -1.69 -30.90 21.60 37.54 -7.12 -67.92 -6.60 -24.54 -10.49 11.85 2.54 6.29 -12.73 16.22 -12.05 -28.38 
-31.5076 37.9270 -33.4236 2.63 6.16 9.69 -0.88 -27.25 -8.23 11.31 35.05 -33.58 -6.98 -14.42 1.38 -1.36 -21.68 -2.69 -1.50 39.74 2.60 -2.86 -23.71 -1.44 1.56 29.90 2.87 0.10 1.31 3.83 9.12 1.06 6.11 45.14 8.03 -77.14 145.26 -39.94 156.00 26.78 -16.82 -16.09 -4.76 0.67 -1.45 -32.20 21.58 37.32 -2.83 -65.38 -2.57 -24.16 -11.88 13.98 2.85 4.83 -13.41 15.48 -12.17 -29.36 
-30.7383 37.5100 -33.7090 3.17 6.34 3.92 -1.41 -27.17 -9.83 12.58 35.58 -39.41 -5.17 -19.16 1.35 -2.40 -24.89 -2.11 -2.69 43.86 8.21 -3.11 -24.96 -1.32 0.13 32.63 4.27 0.06 1.43 4.75 9.48 1.18 6.00 41.03 15.12 -78.72 144.09 -40.41 154.85 27.21 -17.05 -15.93 -4.88 0.75 -1.28 -33.09 19.80 35.71 1.43 -62.10 1.26 -23.70 -13.35 16.81 2.88 2.71 -13.98 14.65 -12.00 -30.14 
-29.9044 36.9368 -33.9110 3.74 6.26 -1.84 -2.56 -27.70 -11.13 14.03 39.55 -39.72 -3.42 -23.93 0.84 -3.35 -28.31 -1.43 -4.04 48.58 14.27 -3.81 -26.52 -1.40 -1.58 35.29 5.56 0.01 1.55 5.35 8.14 1.29 5.93 35.72 16.58 -75.43 141.77 -44.15 151.24 28.21 -14.95 -11.93 -4.20 0.92 -1.15 -32.97 16.57 31.76 5.74 -57.37 4.84 -23.45 -14.30 20.38 2.48 0.53 -14.60 14.20 -11.90 -31.20 
-29.0788 36.2636 -33.9681 4.11 5.85 -7.18 -4.16 -28.62 -12.39 15.67 45.08 -35.22 -3.49 -28.09 -1.90 -3.88 -31.46 -0.43 -5.76 53.28 19.59 -4.28 -28.20 -1.40 -3.22 37.72 6.50 -0.05 1.65 5.51 4.86 1.52 5.87 32.34 10.37 -67.28 138.08 -51.69 144.84 29.87 -10.58 -3.59 -2.81 1.33 -1.08 -31.23 11.93 25.34 9.77 -50.24 7.54 -23.91 -14.76 24.40 1.99 -1.41 -15.49 14.05 -11.81 -32.73 
-28.3375 35.5968 -33.8748 3.89 5.10 -12.03 -5.84 -29.37 -13.59 17.90 50.99 -29.37 -5.12 -31.25 -3.35 -3.68 -33.74 0.91 -7.49 57.22 23.70 -4.37 -29.69 -1.17 -4.51 39.86 6.78 -0.09 1.75 5.06 0.68 1.86 5.55 31.76 -2.88 -56.11 130.48 -63.37 133.67 31.81 -4.50 7.19 -1.17 1.89 -1.14 -27.80 6.25 18.11 12.52 -41.19 8.32 -25.11 -15.41 28.65 1.79 -3.02 -16.54 14.17 -11.37 -34.35 
-27.7196 35.0401 -33.6853 2.76 4.18 -16.78 -6.18 -29.44 -13.73 19.82 55.75 -24.80 -6.99 -33.70 -4.52 -2.88 -34.81 2.05 -7.94 60.01 27.64 -5.51 -30.49 -1.47 -5.52 41.63 6.13 -0.14 1.82 3.71 -2.43 2.18 4.86 32.61 -20.25 -44.44 105.30 -77.05 105.68 33.24 1.05 16.72 0.23 2.33 -1.32 -23.25 1.18 12.56 13.79 -32.45 7.50 -25.96 -16.53 32.94 1.90 -4.15 -17.33 14.98 -10.30 -35.38 
-27.2005 34.6656 -33.4765 0.65 3.43 -21.95 -4.44 -28.89 -11.92 20.77 59.35 -21.71 -7.95 -35.66 -5.22 -2.15 -34.95 1.95 -5.79 61.46 32.52 -8.91 -29.66 -3.08 -6.42 42.90 4.50 -0.19 1.88 1.31 -3.26 2.33 3.95 34.36 -38.18 -34.31 23.96 -79.73 23.62 34.36 3.35 22.32 1.24 2.43 -1.56 -18.73 -1.15 9.58 14.30 -25.68 6.30 -25.50 -17.79 37.08 2.15 -4.61 -17.52 16.92 -8.65 -35.46 
-26.7074 34.5032 -33.2969 -2.22 3.36 -27.58 -1.00 -27.90 -8.49 20.80 61.76 -18.64 -8.58 -37.05 -5.70 -2.41 -35.58 -0.20 -1.44 61.80 36.90 -9.33 -26.06 -3.17 -7.10 43.58 1.87 -0.26 1.90 -2.06 -2.09 2.25 2.97 38.82 -54.66 -24.92 -6.55 -72.33 -6.25 35.13 2.18 23.36 2.06 2.22 -1.88 -16.08 0.00 7.09 14.59 -20.30 5.16 -24.38 -19.28 40.18 2.57 -4.34 -17.18 19.83 -6.56 -34.81 
-26.1729 34.5600 -33.1269 -5.42 4.43 -33.16 3.00 -26.78 -4.79 20.68 62.90 -15.08 -9.60 -37.61 -6.19 -4.80 -38.95 -4.69 3.78 61.63 36.36 7.19 -18.02 1.43 -6.93 43.70 -1.87 -0.32 1.90 -6.12 0.12 2.03 1.99 50.18 -69.30 -9.31 -14.91 -67.56 -13.83 34.10 -1.19 19.04 2.75 1.86 -2.50 -17.01 3.20 2.21 14.34 -15.29 3.85 -24.41 -20.86 39.78 3.28 -3.50 -16.66 23.02 -4.23 -33.86 
-25.5848 34.8233 -32.8807 -8.52 6.80 -38.26 6.88 -25.75 -1.66 20.86 62.77 -11.53 -10.74 -37.41 -6.54 -7.97 -42.04 -10.37 8.22 57.95 28.39 20.39 -12.38 1.78 -5.38 43.31 -6.61 -0.33 1.88 -10.44 2.45 1.73 0.96 84.57 -80.84 32.46 -17.80 -63.70 -16.06 30.87 -5.44 10.14 3.05 1.49 -3.69 -21.70 5.99 -4.77 12.93 -11.78 2.68 -27.65 -20.90 34.45 4.31 -2.41 -16.21 25.93 -2.02 -32.82 
-24.9932 35.2760 -32.4592 -11.21 10.29 -43.10 10.69 -24.54 1.21 20.72 61.45 -7.81 -11.44 -36.76 -6.56 -11.15 -45.05 -15.33 10.93 53.00 15.95 21.38 -13.82 1.87 -2.44 42.48 -11.77 -0.28 1.85 -14.43 4.13 1.39 -0.16 173.33 -81.68 130.70 -17.34 -61.50 -15.34 27.25 -9.12 0.39 2.75 1.17 -5.36 -28.62 6.75 -10.11 10.98 -10.89 2.10 -31.51 -19.23 30.10 5.64 -1.46 -15.96 28.20 -0.39 -31.72 
-24.4806 35.8802 -31.8119 -13.28 14.45 -48.07 14.46 -22.65 4.34 19.59 59.00 -3.18 -11.68 -35.86 -6.29 -14.43 -47.78 -18.79 10.91 47.45 6.96 18.87 -15.08 1.72 1.64 41.32 -16.64 -0.18 1.81 -17.52 4.99 1.03 -1.13 -148.05 -73.78 176.48 -16.72 -63.10 -14.99 26.92 -10.55 -5.68 1.64 0.94 -6.87 -35.95 5.57 -11.82 10.15 -10.45 1.86 -31.48 -17.42 29.65 7.09 -0.74 -15.94 29.59 0.25 -30.72 
-24.1313 36.6281 -30.9573 -14.65 18.67 -53.07 17.82 -19.69 7.49 17.48 55.13 2.17 -11.44 -34.57 -5.79 -19.20 -50.15 -22.35 9.59 44.55 3.47 16.71 -15.29 1.47 6.87 39.86 -20.97 -0.02 1.78 -19.50 5.86 0.75 -1.57 -133.63 -64.98 -166.96 -17.73 -65.18 -16.18 30.88 -10.67 -7.22 -0.74 0.97 -7.68 -42.48 3.72 -11.70 10.53 -8.69 1.61 -28.35 -15.85 29.90 7.95 0.22 -15.93 30.31 0.10 -30.11 
-23.9977 37.5742 -29.9591 -15.44 22.72 -57.72 20.46 -15.44 10.16 14.76 49.04 7.17 -10.20 -32.55 -4.94 -26.62 -51.65 -28.00 8.71 45.86 2.59 15.44 -15.60 1.35 13.20 37.93 -24.74 0.21 1.75 -20.45 7.81 0.55 -1.22 -130.62 -57.03 -165.19 -18.37 -62.81 -16.45 35.45 -11.90 -7.01 -4.25 1.32 -7.77 -47.76 2.11 -12.62 10.73 -6.07 1.15 -24.89 -14.28 29.27 7.65 2.25 -15.55 31.01 -0.12 -30.05 
-24.0749 38.7745 -28.8953 -15.47 26.86 -62.21 22.57 -9.68 12.46 11.30 39.48 11.66 -7.52 -29.18 -3.73 -35.72 -51.82 -35.40 8.65 50.25 1.38 14.16 -16.37 1.34 19.94 35.34 -27.51 0.48 1.70 -20.35 11.03 0.38 -0.04 -134.76 -51.20 -172.17 -16.43 -55.70 -13.69 37.78 -14.73 -6.98 -7.36 1.71 -7.44 -52.54 0.44 -15.87 9.66 -3.71 0.63 -23.17 -11.95 27.13 7.01 5.80 -14.67 31.89 0.31 -30.29 
-24.2749 40.2398 -27.8234 -14.12 31.30 -67.61 24.35 -5.08 14.79 8.47 30.38 16.08 -4.67 -21.09 -2.83 -44.09 -50.77 -42.22 8.59 54.74 -0.99 12.91 -16.83 1.26 26.02 32.43 -28.65 0.75 1.64 -19.05 14.75 0.16 1.82 -142.59 -47.89 176.24 -12.55 -46.30 -9.14 37.89 -18.20 -8.91 -8.54 1.78 -7.09 -58.07 -2.56 -20.53 7.74 -2.09 0.28 -23.10 -9.19 23.99 7.66 10.24 -13.75 32.68 1.70 -30.46 
-24.4643 41.8935 -26.7370 -10.63 35.45 -75.31 25.66 -2.86 16.98 6.33 23.91 22.01 -2.80 -7.70 -2.68 -50.30 -49.27 -46.84 7.61 56.36 -3.42 12.21 -16.55 1.11 30.76 29.92 -27.98 0.99 1.56 -16.53 18.09 -0.09 4.05 -152.26 -46.71 163.72 -7.96 -35.55 -4.65 38.34 -21.87 -11.87 -8.27 1.44 -6.75 -64.02 -7.74 -25.15 6.14 -1.34 0.14 -23.39 -7.43 20.76 9.85 14.42 -13.25 33.50 3.55 -30.52 
-24.5942 43.4678 -25.6380 -5.02 38.22 -86.00 26.22 -1.58 18.26 4.42 18.42 27.96 -0.47 8.34 -2.59 -54.86 -48.21 -49.86 6.06 54.24 -5.55 12.01 -16.13 0.96 34.20 28.55 -26.03 1.17 1.51 -13.09 20.69 -0.27 6.27 -163.98 -47.03 151.46 -3.04 -22.98 -1.19 39.98 -24.32 -12.53 -8.51 0.89 -6.08 -69.02 -14.76 -28.89 5.40 -2.02 0.19 -23.09 -7.19 17.65 12.18 17.53 -13.04 34.29 4.62 -30.51 
-24.7076 44.6987 -24.5574 1.64 38.87 -99.19 25.58 -0.62 18.08 3.02 14.00 29.33 3.56 23.24 -1.49 -58.78 -48.17 -52.77 5.22 49.44 -7.98 12.05 -16.35 0.86 36.66 28.93 -23.54 1.29 1.51 -9.07 22.47 -0.24 8.04 179.89 -48.27 136.49 1.50 -10.06 0.26 40.58 -22.52 -10.31 -10.38 0.36 -5.01 -72.90 -22.91 -32.02 5.08 -4.25 0.38 -22.21 -7.68 15.33 13.29 19.28 -12.66 34.36 4.01 -30.10 
-24.8688 45.5405 -23.4862 8.03 37.54 -113.79 23.58 0.43 16.60 2.40 11.80 23.28 4.01 28.41 -0.39 -62.28 -49.18 -56.42 5.89 43.90 -10.68 12.25 -17.14 0.85 38.09 31.38 -20.82 1.36 1.58 -4.64 23.14 -0.01 8.93 156.93 -48.20 114.96 4.13 -0.13 0.01 39.18 -17.47 -7.11 -13.11 -0.07 -3.90 -77.45 -31.82 -36.00 4.55 -6.90 0.55 -21.58 -8.14 14.67 13.29 19.60 -12.12 33.04 2.12 -28.99 
-25.1465 46.0706 -22.4223 13.47 34.87 -128.76 21.06 0.72 14.65 2.41 11.81 12.77 2.00 25.47 0.10 -65.10 -50.88 -60.57 7.95 39.57 -13.22 12.51 -17.94 0.97 37.85 35.61 -17.57 1.35 1.71 0.16 22.42 0.30 9.01 130.59 -42.95 89.51 4.03 5.13 -0.36 37.50 -13.43 -3.99 -15.16 -0.38 -3.28 -84.95 -41.10 -42.42 3.94 -8.87 0.61 -21.67 -8.69 15.44 13.43 18.71 -11.87 30.35 0.17 -27.35 
-25.5818 46.2732 -21.5181 17.98 31.49 -143.29 19.15 0.31 12.96 2.50 12.06 2.43 -0.68 21.65 0.66 -67.33 -52.67 -64.51 10.67 37.82 -15.49 12.62 -18.71 1.13 35.23 40.56 -13.07 1.26 1.86 5.22 20.51 0.67 8.78 108.27 -32.03 67.61 1.86 6.20 -0.20 36.86 -11.63 -1.37 -15.95 -0.44 -3.32 -96.21 -49.80 -52.22 3.52 -10.29 0.63 -22.32 -9.60 16.88 14.57 17.34 -12.17 26.91 -0.97 -25.68 
-26.1515 46.1931 -20.8541 21.49 27.66 -156.56 18.06 -0.52 11.46 2.90 12.62 -7.80 -3.25 18.66 1.10 -68.44 -53.76 -66.81 12.73 37.65 -17.08 12.40 -19.30 1.26 29.77 44.87 -6.83 1.11 1.98 10.11 17.84 1.26 8.68 91.45 -18.58 51.52 -1.15 4.27 0.09 36.51 -11.12 0.08 -15.97 -0.11 -3.76 -110.46 -57.15 -65.74 3.16 -12.04 0.66 -23.11 -10.86 18.48 16.19 16.38 -12.82 23.53 -1.16 -24.40 
-26.7962 45.8332 -20.5030 24.06 23.72 -167.92 17.72 -1.30 9.68 3.87 13.44 -18.69 -5.05 17.23 1.40 -68.01 -53.61 -66.51 13.10 37.61 -17.64 11.90 -19.56 1.27 22.41 47.42 0.52 0.92 2.04 14.29 14.60 2.12 8.73 78.30 -5.23 40.04 -4.17 1.04 0.08 34.60 -11.66 -0.40 -15.74 0.66 -4.30 -127.31 -63.03 -83.31 2.75 -14.82 0.70 -23.48 -12.52 20.00 17.31 16.09 -13.51 20.58 -0.58 -23.52 
-27.4172 45.1421 -20.4946 26.22 19.90 -177.25 18.33 -1.77 7.88 5.31 14.48 -29.16 -6.36 17.65 1.69 -66.13 -52.09 -63.75 11.73 36.82 -17.45 11.20 -19.32 1.15 15.45 47.62 7.28 0.76 2.04 17.48 11.00 3.08 8.79 67.25 6.51 31.61 -7.12 -1.73 -0.22 29.96 -13.09 -3.18 -15.15 1.69 -4.77 -147.69 -67.51 -105.36 2.74 -18.84 0.88 -22.93 -14.50 21.26 17.59 16.16 -14.06 17.85 0.70 -22.81 
-27.9177 44.0224 -20.7857 28.51 16.06 175.16 19.96 -1.76 6.89 6.83 15.74 -37.07 -6.89 18.27 1.78 -63.29 -49.57 -59.40 9.19 35.40 -16.97 10.29 -18.59 0.95 11.02 45.54 12.05 0.66 1.95 19.77 7.59 3.87 8.89 57.05 16.00 25.63 -9.75 -3.66 -0.63 23.53 -13.75 -7.91 -14.12 2.64 -5.03 -172.26 -70.41 -131.49 3.75 -23.87 1.52 -21.53 -16.12 22.08 17.23 16.09 -14.42 15.09 2.43 -22.19 
-28.2939 42.4687 -21.2471 30.72 12.22 168.97 21.33 -1.60 6.64 9.00 18.67 -40.44 -1.52 13.34 0.81 -59.85 -46.62 -53.95 5.85 33.91 -15.90 8.99 -17.62 0.73 9.35 41.95 14.71 0.62 1.79 21.32 4.78 4.32 9.11 47.01 22.88 23.12 -11.11 -5.02 -0.98 17.90 -12.49 -13.00 -12.90 3.24 -4.96 160.00 -71.33 -159.93 5.81 -29.37 2.86 -20.02 -16.79 22.45 16.51 15.40 -14.66 12.71 3.84 -21.99 
-28.6281 40.6650 -21.7638 32.19 8.91 163.93 20.86 -3.30 5.77 14.13 26.88 -39.08 3.02 -4.75 1.22 -55.87 -43.31 -47.49 1.95 32.91 -13.70 7.21 -16.70 0.54 9.01 38.21 16.11 0.61 1.63 22.25 2.04 4.39 9.30 37.43 26.04 24.81 -10.57 -5.51 -1.03 14.67 -10.74 -16.83 -11.71 3.50 -4.44 133.52 -69.69 174.07 8.42 -34.97 4.85 -18.90 -16.71 22.57 15.63 13.53 -15.01 11.31 4.09 -22.88 
-28.8976 38.8589 -22.2881 32.81 6.56 159.76 17.82 -7.81 3.26 22.00 38.58 -35.13 2.61 -16.87 -0.17 -51.45 -39.68 -40.45 -1.81 33.71 -10.77 5.58 -16.27 0.37 8.63 35.47 16.97 0.59 1.51 22.69 -1.77 4.15 9.14 29.77 23.70 28.90 -8.40 -4.74 -0.70 14.18 -10.71 -19.03 -10.30 3.67 -3.42 112.90 -66.17 155.71 11.26 -40.61 7.38 -17.92 -16.28 22.49 15.06 10.37 -15.92 10.74 2.97 -25.24 
-29.1397 37.4324 -22.7207 32.74 4.94 156.15 14.16 -11.58 0.07 28.57 48.21 -30.81 0.53 -22.64 -0.70 -45.97 -35.79 -33.30 -4.66 36.66 -8.22 5.01 -16.31 0.29 7.63 33.73 17.59 0.55 1.44 22.73 -6.79 3.77 8.51 25.65 15.06 32.14 -5.72 -2.42 -0.24 15.91 -13.27 -20.85 -8.46 3.94 -2.02 96.59 -62.36 144.06 14.04 -46.14 10.22 -16.73 -15.45 22.13 15.24 6.90 -17.49 10.48 1.34 -28.53 
-29.3553 36.5653 -23.0403 32.19 3.44 152.80 11.97 -13.60 -2.00 31.07 53.77 -26.85 -1.35 -25.54 -1.51 -39.21 -31.39 -27.00 -5.69 41.01 -7.12 5.66 -16.50 0.37 6.27 32.10 17.86 0.48 1.37 22.26 -11.49 3.41 7.69 24.76 1.74 32.03 -4.41 0.77 0.06 17.98 -16.95 -23.47 -6.64 4.23 -0.67 81.46 -59.00 135.54 16.06 -51.07 12.62 -15.68 -14.27 21.42 15.93 4.50 -19.06 10.73 0.58 -31.44 
-29.4746 36.1271 -23.2706 31.09 1.82 149.73 10.85 -14.92 -2.52 31.18 56.68 -23.72 -2.42 -27.08 -2.01 -32.05 -26.12 -22.47 -4.45 45.67 -8.01 6.87 -16.68 0.54 4.76 29.78 17.52 0.40 1.28 21.07 -14.15 3.18 6.96 25.64 -12.78 27.76 -5.95 2.22 0.23 18.33 -19.29 -26.47 -5.50 4.35 0.19 67.07 -55.84 128.15 16.72 -54.84 13.80 -15.51 -13.16 20.21 16.42 3.82 -19.94 11.73 1.43 -32.96 
-29.4778 35.9103 -23.4251 29.21 0.41 146.80 9.70 -16.01 -2.29 30.12 58.06 -20.18 -3.41 -27.78 -2.28 -25.34 -20.03 -19.61 -1.73 49.81 -10.89 7.87 -17.05 0.71 2.81 26.73 16.67 0.29 1.16 19.16 -14.48 3.12 6.34 28.00 -25.97 22.26 -9.00 -0.75 -0.12 17.22 -19.42 -28.19 -5.21 4.27 0.43 54.41 -52.84 121.35 16.49 -57.16 13.97 -16.60 -12.40 18.34 16.04 4.38 -19.91 12.85 3.59 -32.97 
-29.4285 35.7962 -23.5058 26.65 -0.56 143.33 8.07 -16.84 -2.03 27.97 58.69 -15.09 -4.79 -27.81 -2.51 -19.01 -13.50 -17.37 1.05 52.76 -15.03 8.33 -17.73 0.83 0.25 23.32 15.75 0.15 1.02 17.03 -13.55 3.19 5.93 32.95 -37.26 20.71 -10.51 -7.56 -1.40 16.79 -18.30 -26.87 -5.46 4.15 0.36 43.50 -50.48 114.46 16.34 -57.96 13.96 -18.33 -11.87 16.24 14.44 5.30 -19.04 13.11 6.06 -31.93 
-29.4282 35.7464 -23.5207 23.79 -1.43 138.22 6.43 -17.39 -1.56 24.71 58.92 -8.23 -6.55 -27.38 -2.77 -12.67 -6.92 -14.84 2.68 53.59 -18.95 8.37 -18.57 0.91 -2.20 19.71 15.09 0.01 0.88 15.36 -12.59 3.27 5.88 41.63 -46.59 26.18 -9.64 -15.68 -2.63 18.50 -17.18 -23.08 -5.99 4.08 0.41 33.37 -49.02 106.60 16.69 -57.35 14.17 -19.44 -11.55 14.83 11.52 6.04 -17.40 12.18 7.84 -30.18 
-29.5594 35.7340 -23.4843 20.89 -2.79 130.76 5.49 -18.05 -0.38 20.80 58.94 0.20 -8.70 -26.63 -3.03 -6.69 -0.57 -11.90 2.67 51.94 -20.86 8.22 -19.48 0.96 -3.42 15.77 14.72 -0.06 0.71 14.52 -11.99 3.21 6.21 54.52 -53.02 38.47 -7.41 -24.14 -3.04 22.44 -15.90 -17.92 -6.81 3.92 0.72 23.80 -48.38 97.88 17.39 -55.56 14.48 -19.10 -11.59 14.73 7.37 6.31 -14.94 10.43 8.53 -27.80 
-29.8756 35.7113 -23.4032 17.69 -4.83 121.09 5.37 -19.52 1.48 16.87 59.00 9.96 -11.31 -25.44 -3.23 -2.10 8.40 -9.08 1.22 43.97 -19.86 18.30 -25.04 3.73 -2.96 11.60 14.47 -0.07 0.53 14.32 -11.40 2.94 6.76 70.37 -55.21 54.73 -4.95 -33.07 -2.71 26.56 -13.58 -12.26 -7.91 3.53 1.03 15.70 -48.72 89.51 18.25 -53.07 14.77 -17.66 -11.96 15.81 2.65 5.62 -11.82 8.56 8.26 -24.76 
-30.3966 35.7457 -23.3114 13.82 -7.04 109.89 5.91 -21.74 3.58 13.07 58.66 20.53 -13.92 -23.43 -3.22 -0.50 13.10 -7.37 -0.10 39.93 -17.23 19.52 -25.89 5.02 -1.32 7.78 14.28 -0.02 0.35 14.40 -10.45 2.48 7.35 85.74 -52.91 70.47 -2.98 -42.04 -2.00 28.88 -10.64 -7.01 -8.95 2.91 1.10 9.98 -50.39 82.50 18.91 -50.61 14.82 -16.27 -12.33 17.17 -1.47 3.67 -8.66 7.22 7.47 -21.40 
-31.0684 35.9252 -23.2591 9.65 -8.64 97.95 6.85 -23.80 5.50 9.77 57.35 30.02 -15.68 -20.74 -2.91 -1.28 13.57 -6.87 -1.43 41.59 -14.35 14.51 -24.22 3.45 0.72 5.15 14.14 0.06 0.22 14.56 -9.06 1.96 7.97 98.10 -47.57 82.79 -1.73 -49.89 -1.32 29.52 -7.99 -2.29 -9.51 2.24 1.02 6.62 -53.16 76.70 18.86 -49.08 14.47 -15.80 -12.30 17.45 -4.00 1.01 -6.18 6.75 6.75 -18.38 
-31.7926 36.2347 -23.2657 6.07 -9.48 86.11 7.72 -24.80 6.73 7.85 55.13 35.82 -16.20 -18.11 -2.40 -3.19 11.96 -7.16 -3.15 45.86 -12.66 6.84 -20.46 0.84 2.66 4.22 14.01 0.14 0.17 14.73 -7.16 1.55 8.64 107.34 -41.55 91.46 -1.02 -55.62 -0.85 29.45 -5.82 2.06 -9.53 1.65 0.96 4.92 -56.00 71.33 17.98 -49.09 13.78 -16.22 -11.65 15.55 -4.89 -1.01 -4.64 7.13 6.43 -16.37 
-32.4837 36.6223 -23.3176 3.33 -9.94 75.18 8.01 -24.71 6.64 7.87 52.27 36.21 -15.68 -15.99 -1.93 -5.60 11.98 -7.58 -4.48 46.99 -12.72 5.57 -19.08 0.51 4.41 4.58 13.74 0.22 0.18 14.80 -4.53 1.35 9.31 114.14 -36.92 97.03 -0.44 -58.99 -0.38 29.35 -3.85 6.20 -9.25 1.21 0.95 4.31 -57.87 65.85 16.66 -50.29 12.96 -17.08 -10.38 11.43 -4.90 -1.20 -3.90 8.06 6.43 -15.54 
-33.1066 37.0604 -23.4029 0.89 -10.15 65.36 7.58 -24.07 5.21 9.56 48.79 31.30 -14.58 -14.37 -1.58 -7.72 11.52 -8.26 -4.93 46.73 -13.28 5.12 -18.10 0.39 6.01 5.21 13.25 0.29 0.20 14.67 -1.31 1.31 9.83 119.25 -34.54 100.20 0.38 -60.30 0.33 29.56 -2.04 10.36 -8.99 0.88 0.93 4.57 -58.24 60.31 15.33 -51.78 12.15 -18.00 -8.72 6.10 -4.82 0.62 -3.50 9.17 6.52 -15.45 
-33.6741 37.4884 -23.5358 -1.60 -9.83 56.17 6.73 -23.29 3.11 11.91 44.92 23.02 -13.43 -13.22 -1.35 -9.32 10.23 -9.00 -4.49 44.83 -13.08 5.38 -17.22 0.40 7.29 5.57 12.62 0.35 0.21 14.31 1.86 1.29 10.10 123.58 -33.91 101.84 1.51 -59.97 1.30 30.23 -0.49 14.60 -8.88 0.57 0.92 5.44 -57.46 55.29 14.22 -53.01 11.44 -18.64 -6.91 0.68 -5.02 3.53 -2.93 10.15 6.69 -15.21 
-34.1944 37.8305 -23.7454 -3.93 -8.86 46.98 5.69 -22.41 0.89 14.16 41.30 13.45 -12.58 -12.77 -1.22 -10.37 8.22 -9.46 -3.78 41.58 -11.29 6.42 -15.88 0.46 8.08 5.96 11.90 0.38 0.23 13.78 4.26 1.20 10.23 127.62 -34.03 102.77 2.70 -58.62 2.30 31.16 0.83 18.68 -8.84 0.26 0.95 6.45 -56.42 51.51 13.52 -53.84 10.98 -18.67 -5.17 -4.44 -5.54 6.24 -1.81 10.61 7.08 -13.98 
-34.6515 38.0109 -24.0424 -5.79 -7.44 37.38 4.45 -21.47 -1.41 16.53 38.73 3.40 -12.17 -13.42 -1.20 -11.02 5.70 -9.61 -3.06 37.66 -7.54 8.57 -13.87 0.51 8.33 6.84 11.16 0.40 0.27 13.19 5.59 1.08 10.30 131.03 -34.26 103.57 3.74 -57.10 3.14 31.87 2.03 22.49 -8.72 0.03 1.05 7.00 -55.91 49.23 13.33 -54.05 10.86 -17.96 -3.74 -9.53 -6.35 7.93 -0.05 10.27 7.60 -11.37 
-35.0212 37.9851 -24.4087 -7.19 -5.71 27.34 3.13 -20.84 -3.84 19.29 37.73 -5.87 -12.30 -15.16 -1.32 -11.23 2.66 -9.81 -2.02 33.75 -2.58 12.10 -11.41 0.46 8.09 8.18 10.59 0.39 0.33 12.71 6.00 0.98 10.27 133.15 -34.58 104.81 4.70 -56.22 3.91 32.20 3.02 25.97 -8.47 -0.07 1.21 6.52 -56.01 47.58 13.51 -53.51 10.93 -16.71 -2.87 -14.66 -7.34 8.32 2.14 9.18 8.08 -7.61 
-35.2959 37.7284 -24.8045 -8.08 -3.67 17.06 2.09 -20.98 -5.98 22.02 38.74 -11.44 -13.22 -17.57 -1.64 -10.78 0.09 -10.14 -0.58 28.98 1.23 17.63 -9.53 0.59 7.23 9.64 10.37 0.36 0.40 12.45 5.74 0.95 10.04 133.80 -35.20 106.86 5.60 -56.58 4.68 32.32 3.69 28.87 -8.18 -0.04 1.43 4.61 -56.33 44.93 13.70 -52.40 10.93 -15.32 -2.55 -19.42 -8.24 7.60 4.37 7.74 8.38 -3.42 
-35.4712 37.4097 -25.1595 -8.46 -1.70 7.01 2.18 -21.46 -6.83 23.29 41.07 -11.32 -14.86 -19.69 -2.17 -9.45 -3.64 -10.34 0.83 28.78 1.85 16.57 -14.72 -0.12 5.88 11.10 10.44 0.30 0.47 12.34 5.00 0.99 9.69 133.06 -36.19 108.90 6.12 -58.37 5.22 32.36 4.27 31.04 -7.90 0.10 1.64 1.38 -56.59 40.01 13.62 -50.83 10.64 -14.24 -2.42 -23.51 -8.86 6.35 6.35 6.27 8.52 0.59 
-35.5866 37.0568 -25.4153 -8.56 -0.27 -2.38 3.60 -21.87 -5.80 23.03 44.34 -7.17 -17.08 -21.37 -2.81 -8.22 -7.13 -9.89 2.10 30.13 0.08 13.87 -19.13 0.60 4.45 12.62 10.52 0.24 0.54 12.18 4.01 1.15 9.44 130.55 -37.28 108.80 5.87 -60.80 5.13 32.42 5.07 32.81 -7.61 0.38 1.72 -2.71 -56.79 32.56 13.12 -48.59 9.91 -13.64 -2.15 -27.07 -9.43 5.31 8.20 4.80 8.57 4.31 
-35.6437 36.7834 -25.5381 -8.88 0.56 -10.80 6.14 -21.61 -3.12 21.56 47.31 -1.72 -19.17 -22.52 -3.33 -7.81 -11.90 -8.86 2.85 35.28 -0.94 12.75 -19.37 2.30 3.57 14.19 10.29 0.21 0.61 11.82 3.00 1.41 9.33 125.70 -37.84 104.92 5.02 -62.48 4.46 32.51 6.09 34.43 -7.15 0.78 1.55 -7.56 -56.88 23.21 12.07 -45.43 8.66 -13.41 -1.70 -30.29 -10.28 4.86 10.14 3.17 8.77 8.05 
-35.6205 36.5591 -25.5304 -9.44 1.13 -17.97 8.71 -20.82 -0.01 20.02 49.71 2.69 -20.77 -23.59 -3.75 -6.86 -14.83 -7.47 2.01 37.74 1.12 12.32 -19.04 2.80 3.32 15.60 9.64 0.20 0.68 11.16 2.11 1.61 9.22 118.87 -37.30 97.86 4.06 -62.63 3.60 32.53 6.97 35.78 -6.34 1.16 1.07 -13.62 -56.50 12.75 10.56 -41.65 7.06 -13.39 -1.17 -33.21 -11.17 4.87 12.12 1.22 9.33 12.04 
-35.5160 36.4551 -25.3986 -9.88 1.60 -23.42 10.34 -19.62 2.32 18.59 50.96 6.06 -21.72 -24.40 -4.04 -6.15 -16.31 -6.42 0.95 38.25 4.98 11.82 -18.50 2.69 3.22 16.57 8.60 0.19 0.72 10.09 1.35 1.56 8.90 111.86 -35.64 90.17 3.44 -61.15 3.01 32.33 7.47 36.82 -5.19 1.30 0.32 -20.94 -54.92 2.03 8.90 -37.95 5.50 -13.51 -0.58 -35.89 -11.33 5.20 13.75 -1.00 10.23 16.14 
-35.3897 36.4485 -25.1633 -9.85 1.82 -26.94 10.73 -18.35 3.56 17.16 51.25 9.04 -22.18 -24.84 -4.21 -6.36 -16.78 -6.31 0.75 38.02 8.32 11.07 -18.12 2.36 2.78 17.00 7.31 0.17 0.74 8.61 0.79 1.22 8.36 106.47 -33.60 84.30 3.40 -58.21 2.89 31.89 7.75 37.70 -4.09 1.10 -0.50 -28.21 -51.55 -7.51 7.41 -35.16 4.28 -13.60 -0.02 -38.45 -10.38 5.91 14.75 -3.13 11.15 19.93 
-35.3141 36.4575 -24.8553 -9.50 1.72 -29.03 10.72 -17.23 4.53 15.46 51.27 11.56 -22.23 -25.27 -4.37 -7.19 -16.76 -6.77 0.91 37.95 10.19 10.53 -18.03 2.28 2.07 17.00 6.02 0.13 0.74 7.03 0.49 0.81 7.79 103.01 -31.89 80.99 3.90 -54.34 3.17 31.41 8.05 38.46 -3.50 0.75 -1.25 -33.80 -46.61 -14.35 6.31 -33.96 3.54 -13.31 0.29 -40.80 -8.94 6.88 15.31 -4.73 11.78 23.02 
-35.3143 36.4351 -24.5000 -9.23 1.56 -30.74 11.40 -16.19 6.29 13.14 51.54 13.29 -21.82 -26.18 -4.66 -7.77 -16.66 -6.92 0.71 38.11 11.39 10.45 -18.18 2.44 1.64 16.73 5.00 0.10 0.73 5.81 0.43 0.61 7.41 100.58 -30.58 79.50 4.75 -50.51 3.67 31.18 8.25 38.98 -3.41 0.57 -1.85 -37.40 -41.12 -18.11 5.77 -34.57 3.28 -12.69 0.34 -42.83 -7.98 7.69 15.87 -5.59 12.02 25.38 
-35.3628 36.4006 -24.1137 -9.24 1.63 -32.87 13.02 -14.96 8.97 10.14 51.93 14.54 -21.01 -27.56 -5.00 -7.63 -16.63 -6.42 -0.07 38.08 13.17 10.59 -18.43 2.58 1.77 16.26 4.38 0.10 0.71 5.18 0.54 0.69 7.31 98.47 -29.22 78.80 5.68 -47.63 4.20 31.23 8.23 39.26 -3.41 0.66 -2.29 -39.74 -36.17 -19.51 5.73 -36.57 3.42 -12.34 0.40 -44.51 -7.82 8.10 16.62 -5.86 11.93 27.19 
-35.4211 36.3910 -23.7178 -9.37 1.93 -35.34 14.72 -13.44 11.66 7.06 51.99 15.95 -20.20 -28.87 -5.27 -7.17 -16.56 -5.73 -0.89 37.69 15.52 10.58 -18.59 2.59 2.25 15.57 4.02 0.12 0.68 4.92 0.78 0.88 7.41 96.67 -27.52 78.27 6.43 -45.95 4.63 31.23 8.15 39.34 -3.18 0.84 -2.58 -41.37 -32.29 -19.51 5.99 -39.06 3.78 -12.64 0.65 -45.72 -7.96 8.31 17.39 -5.79 11.61 28.58 
-35.4695 36.4138 -23.3462 -9.41 2.24 -37.50 15.53 -11.95 13.30 4.85 51.60 17.69 -19.88 -29.64 -5.42 -6.92 -16.38 -5.28 -1.39 37.07 17.51 10.49 -18.61 2.54 2.69 14.79 3.68 0.14 0.65 4.66 1.16 0.96 7.58 95.57 -25.73 77.88 6.91 -45.04 4.90 31.02 8.19 39.29 -2.78 0.92 -2.72 -42.27 -29.48 -18.97 6.28 -41.18 4.14 -13.23 0.82 -46.19 -7.92 8.56 17.92 -5.54 11.10 29.48 
-35.5013 36.4466 -23.0286 -9.34 2.38 -38.90 15.26 -10.85 13.58 4.02 51.00 19.39 -20.18 -29.86 -5.50 -6.89 -16.07 -5.04 -1.82 36.44 18.65 10.63 -18.57 2.57 2.99 14.10 3.28 0.15 0.62 4.31 1.66 0.90 7.68 95.22 -24.41 77.78 7.23 -44.43 5.07 30.90 8.25 39.18 -2.42 0.86 -2.77 -42.37 -27.51 -18.50 6.47 -42.62 4.39 -13.45 0.51 -45.84 -7.64 8.83 18.11 -5.32 10.48 29.86 
-35.5074 36.4658 -22.7732 -9.27 2.38 -39.66 14.34 -10.17 12.95 4.25 50.52 20.83 -20.86 -29.76 -5.55 -6.87 -15.73 -4.78 -2.41 35.91 19.26 11.05 -18.60 2.65 3.29 13.69 2.96 0.16 0.60 4.04 2.14 0.84 7.70 95.37 -23.89 78.02 7.44 -44.06 5.19 31.08 8.17 39.03 -2.17 0.80 -2.80 -41.96 -26.21 -18.33 6.53 -43.66 4.52 -13.20 -0.13 -45.16 -7.38 8.91 18.09 -5.27 9.85 29.83 
-35.4814 36.4637 -22.5714 -9.23 2.37 -40.10 13.31 -9.81 12.07 4.86 50.27 22.05 -21.64 -29.58 -5.60 -6.83 -15.46 -4.51 -3.00 35.54 19.77 11.48 -18.72 2.71 3.68 13.54 2.83 0.18 0.59 4.01 2.53 0.87 7.67 95.81 -24.12 78.40 7.48 -44.12 5.22 31.21 8.05 38.67 -1.95 0.84 -2.83 -41.53 -25.43 -18.25 6.55 -44.62 4.61 -13.03 -0.52 -44.79 -7.27 8.78 18.00 -5.39 9.25 29.59 
-35.4303 36.4443 -22.4209 -9.20 2.40 -40.29 12.55 -9.71 11.40 5.35 50.25 22.97 -22.21 -29.48 -5.66 -6.87 -15.33 -4.37 -3.36 35.38 20.09 11.80 -18.88 2.75 4.12 13.51 2.87 0.19 0.59 4.17 2.79 0.97 7.62 96.35 -24.93 78.68 7.20 -44.65 5.07 30.93 7.80 37.84 -1.74 0.94 -2.85 -41.29 -25.07 -17.91 6.62 -45.49 4.73 -13.26 -0.46 -44.72 -7.34 8.55 17.95 -5.56 8.71 29.31 
-35.3680 36.4171 -22.3321 -9.10 2.46 -40.05 12.20 -9.95 11.08 5.56 50.42 23.21 -22.37 -29.55 -5.71 -6.95 -15.33 -4.31 -3.60 35.36 19.88 12.18 -19.03 2.83 4.53 13.53 2.93 0.21 0.59 4.35 2.84 1.07 7.53 96.70 -26.33 78.65 6.45 -45.57 4.61 30.51 6.81 36.25 -1.56 1.05 -2.81 -40.91 -25.09 -17.11 6.82 -45.95 4.91 -13.41 -0.46 -44.21 -7.51 8.21 17.95 -5.67 8.33 29.06 
-35.3021 36.3959 -22.3062 -8.94 2.50 -39.19 12.13 -10.49 10.95 5.64 50.67 22.54 -22.03 -29.78 -5.74 -7.00 -15.32 -4.25 -3.93 35.34 19.09 12.76 -19.17 2.95 4.85 13.61 2.95 0.23 0.59 4.47 2.53 1.15 7.36 96.48 -28.39 77.50 4.92 -46.70 3.58 30.18 4.59 33.79 -1.37 1.15 -2.73 -39.97 -25.45 -15.75 7.20 -45.81 5.18 -12.89 -0.98 -42.51 -7.63 7.63 17.90 -5.83 8.22 28.85 
-35.2353 36.3960 -22.3189 -8.72 2.42 -37.82 12.05 -11.10 10.76 5.75 50.79 21.26 -21.37 -29.99 -5.72 -7.14 -15.10 -4.29 -4.26 35.19 17.99 13.42 -19.29 3.07 5.05 13.80 2.96 0.24 0.60 4.55 1.93 1.25 7.10 95.56 -30.96 73.49 2.21 -47.26 1.62 29.29 1.76 30.70 -1.08 1.28 -2.69 -38.42 -26.04 -13.55 7.82 -45.15 5.56 -11.87 -1.76 -39.43 -7.57 6.82 17.69 -6.16 8.40 28.61 
-35.1748 36.4273 -22.3357 -8.42 2.15 -36.11 11.73 -11.57 10.34 5.94 50.63 19.90 -20.63 -30.00 -5.67 -7.59 -14.59 -4.63 -4.35 34.91 16.79 13.95 -19.36 3.14 5.07 14.04 3.03 0.24 0.61 4.64 1.29 1.45 6.78 94.12 -33.92 65.15 -1.92 -46.25 -1.39 27.24 -0.58 27.21 -0.69 1.51 -2.68 -36.60 -26.79 -10.08 8.79 -43.83 6.11 -11.12 -2.19 -35.11 -7.27 5.98 17.31 -6.57 8.76 28.24 
-35.1299 36.4897 -22.3404 -7.98 1.68 -34.13 11.09 -11.87 9.64 6.17 50.14 18.61 -19.88 -29.79 -5.55 -8.38 -13.81 -5.29 -4.21 34.49 15.43 14.36 -19.36 3.20 4.87 14.23 3.16 0.23 0.62 4.72 0.81 1.75 6.37 92.10 -37.63 52.64 -7.64 -43.37 -5.26 24.70 -2.67 23.04 -0.21 1.84 -2.60 -34.71 -27.91 -5.12 10.24 -41.11 6.78 -10.91 -2.43 -29.21 -6.87 5.11 16.88 -6.80 9.30 27.70 
-35.0982 36.5745 -22.3413 -7.33 1.11 -31.81 10.18 -12.13 8.76 6.38 49.40 17.17 -18.98 -29.45 -5.36 -9.37 -12.85 -6.07 -4.05 33.97 13.80 14.83 -19.33 3.26 4.48 14.37 3.26 0.21 0.63 4.73 0.43 2.14 5.81 88.74 -42.71 36.92 -15.02 -38.86 -9.56 22.51 -5.78 17.26 0.36 2.24 -2.33 -32.64 -29.86 1.15 12.34 -36.16 7.36 -10.59 -3.32 -20.82 -6.58 3.97 16.53 -6.71 10.08 27.08 
-35.0656 36.6636 -22.3498 -6.54 0.59 -29.32 9.16 -12.44 7.83 6.56 48.59 15.55 -17.96 -29.10 -5.11 -10.33 -11.91 -6.78 -3.99 33.42 12.03 15.41 -19.29 3.30 4.00 14.47 3.28 0.19 0.63 4.61 -0.01 2.55 5.11 83.24 -48.72 19.63 -23.22 -33.12 -13.19 20.22 -8.68 9.00 1.04 2.66 -1.92 -30.26 -32.75 7.92 14.95 -29.60 7.51 -9.59 -5.10 -10.26 -6.51 2.47 16.35 -6.39 11.03 26.56 
-35.0248 36.7332 -22.3625 -5.81 0.24 -27.22 8.26 -12.76 7.05 6.69 47.92 14.16 -17.07 -28.81 -4.89 -11.13 -11.19 -7.34 -3.96 33.00 10.55 15.90 -19.28 3.33 3.54 14.56 3.21 0.17 0.64 4.41 -0.49 2.87 4.46 76.51 -53.78 4.94 -30.05 -27.53 -14.97 18.20 -9.30 -0.00 1.67 2.99 -1.61 -27.90 -35.76 13.53 17.40 -23.67 7.17 -8.49 -6.93 -0.70 -6.54 1.01 16.29 -6.07 11.86 26.28 
-35.0144 36.7453 -22.3650 -5.67 0.18 -26.82 8.07 -12.82 6.90 6.72 47.79 13.90 -16.90 -28.76 -4.86 -11.30 -11.07 -7.46 -3.94 32.94 10.28 15.99 -19.27 3.33 3.44 14.58 3.18 0.17 0.64 4.36 -0.60 2.93 4.33 74.99 -54.69 2.25 -31.31 -26.36 -15.11 17.84 -9.30 -1.97 1.79 3.05 -1.56 -27.39 -36.38 14.54 17.88 -22.53 7.05 -8.28 -7.30 1.12 -6.54 0.72 16.28 -6.02 12.00 26.25 
